# callgrind format
version: 1
creator: callgrind-3.22.0
pid: 294828
cmd:  ./freq_count 16k-words.txt
part: 1


desc: I1 cache: 
desc: D1 cache: 
desc: LL cache: 

desc: Timerange: Basic block 0 - 4871480
desc: Trigger: Program termination

positions: line
events: Ir
summary: 27394187


ob=(3) ???
fl=(153) ???
fn=(654) 0x000000000486e6b0
0 17258
cob=(2) /usr/lib/x86_64-linux-gnu/libc.so.6
cfi=(192) ./string/../sysdeps/x86_64/multiarch/memmove-vec-unaligned-erms.S
cfn=(656) __memcpy_avx_unaligned_erms
calls=8629 255 
0 515414

fn=(704) 0x000000000486e500
0 12352
cob=(2)
cfi=(203) ./string/../sysdeps/x86_64/multiarch/strlen-avx2.S
cfn=(706) __strlen_avx2
calls=6176 52 
0 86457

fn=(830) 0x000000000486e590
0 2
cob=(2)
cfi=(184) ./string/../sysdeps/x86_64/multiarch/strchr-avx2.S
cfn=(832) __strchrnul_avx2
calls=1 53 
0 19

fn=(476) 0x000000000486e720
0 42
cob=(1) /usr/lib/x86_64-linux-gnu/ld-linux-x86-64.so.2
cfi=(11) ./elf/./elf/dl-tunables.c
cfn=(28) __tunable_get_val
calls=21 387 
0 493

fn=(514) 0x000000000486e660
0 2
cob=(2)
cfi=(159) ./string/../sysdeps/x86_64/multiarch/strrchr-avx2.S
cfn=(516) __strrchr_avx2
calls=1 53 
0 22

fn=(680) 0x000000000486e5e0
0 33984
cob=(2)
cfi=(200) ./string/../sysdeps/x86_64/multiarch/strcspn-sse4.c
cfn=(682) __strcspn_sse42
calls=16992 87 
0 3486533

fn=(670) 0x000000000486e470
0 35618
cob=(2)
cfi=(196) ./string/../sysdeps/x86_64/multiarch/strspn-sse4.c
cfn=(672) __strspn_sse42
calls=17809 63 
0 3293977

fn=(758) 0x0000000000109140
0 2
cob=(2)
cfi=(208) ./libio/./libio/iofclose.c
cfn=(760) fclose@@GLIBC_2.2.5
calls=1 34 
0 586

fn=(774) 0x000000000486e3e0
0 6
cob=(2)
cfi=(170) ./malloc/./malloc/malloc.c
cfn=(734) free
calls=3 3359 
0 588

fn=(530) 0x0000000000109000
0 7

fn=(582) 0x000000000486e740
0 2
cob=(2)
cfi=(177) ./string/../sysdeps/x86_64/multiarch/memset-vec-unaligned-erms.S
cfn=(584) __memset_avx2_unaligned_erms
calls=1 158 
0 43

fn=(592) 0x000000000486e3f0
0 16858
cob=(2)
cfi=(170)
cfn=(594) malloc
calls=8429 3294 
0 1237066

fn=(700) 0x00000000001091f0
0 12350
cob=(2)
cfi=(202) ./string/./string/strdup.c
cfn=(702) strdup
calls=6175 40 
0 1510417

fn=(732) 0x0000000000109120
0 4502
cob=(2)
cfi=(170)
cfn=(734)
calls=2251 3359 
0 191335

fn=(728) 0x0000000000109180
0 100992
cob=(2)
cfi=(204) ./string/../sysdeps/x86_64/multiarch/strcmp-avx2.S
cfn=(730) __strcmp_avx2
calls=50496 206 
0 1118052

fn=(812) 0x000000000486e430
0 81470
cob=(2)
cfi=(192)
cfn=(814) __mempcpy_avx_unaligned_erms
calls=40735 242 
0 529555

fn=(540) 0x000000000486e7b0
0 2
cob=(1)
cfi=(48) ./elf/./elf/dl-audit.c
cfn=(542) _dl_audit_preinit
calls=1 118 
0 5

fn=(588) 0x00000000001091b0
0 2
cob=(2)
cfi=(178) ./libio/./libio/iofopen.c
cfn=(590) fopen@@GLIBC_2.2.5
calls=1 85 
0 605

fn=(618) 0x000000000486e680
0 2
cob=(2)
cfi=(184)
cfn=(620) __strchr_avx2
calls=1 53 
0 21

fn=(660) 0x0000000000109190
0 4502
cob=(2)
cfi=(193) ./libio/./libio/feof.c
cfn=(662) feof
calls=2251 32 
0 15757

fn=(710) 0x000000000486e6f0
0 12350
cob=(2)
cfi=(192)
cfn=(712) __memcpy_chk_avx_unaligned_erms
calls=6175 249 
0 128564

fn=(818) 0x0000000000109160
0 2
cob=(2)
cfi=(212) ./stdio-common/./stdio-common/printf.c
cfn=(820) printf
calls=1 28 
0 237

fn=(500) 0x000000000483d000
0 7

fn=(622) 0x00000000001091e0
0 4502
cob=(2)
cfi=(185) ./stdio-common/./stdio-common/getline.c
cfn=(624) getline
calls=2251 27 
0 478997

fn=(722) 0x00000000001091a0
0 12350
cob=(2)
cfi=(170)
cfn=(724) realloc
calls=6175 3407 
0 446685

fn=(556) 0x0000000000109170
0 12356
cob=(2)
cfi=(170)
cfn=(558) calloc
calls=6178 3699 
0 1321931

fn=(650) 0x000000000486e480
0 4558
cob=(2)
cfi=(191) ./string/../sysdeps/x86_64/multiarch/memchr-avx2.S
cfn=(652) __memchr_avx2
calls=2279 61 
0 69944

fn=(664) 0x00000000001091d0
0 38484
cob=(2)
cfi=(194) ./string/./string/strtok.c
cfn=(666) strtok
calls=19242 32 
0 7611003

fn=(800) 0x0000000000109130
0 2
cob=(2)
cfi=(211) ./stdlib/./stdlib/qsort.c
cfn=(802) qsort
calls=1 404 
0 3319646

ob=(5) /mnt/c/Users/elvin/ioopm/inluppar/inlupp1/freq_count
fl=(210) /mnt/c/Users/elvin/ioopm/inluppar/inlupp1/hash_table_iterator.c
fn=(784) ioopm_hash_table_iterator_create
49 5
+1 3
cob=(3)
cfi=(153)
cfn=(556)
calls=1 -50 
* 379
* 1
+1 3
+1 2
+1 4
+1 3
cfn=(786) skip_sentinel_nodes
calls=1 -14 
* 64
+1 1
+1 2

fn=(790) ioopm_hash_table_iterator_at_end
64 192
+1 192
+1 96

fn=(794) ioopm_hash_table_iterator_current_value
74 188
+1 141
+1 94

fn=(792) ioopm_hash_table_iterator_current_key
69 188
+1 141
+1 94

fn=(786)
40 240
+1 48
+3 51
cfn=(788) advance_iterator_state
calls=17 -22 
* 293
-3 260
+1 768
-1 128
+5 144

fn=(788)
22 256
+2 320
+3 256
+2 85
+3 68
+2 192
+3 192

fn=(796) ioopm_hash_table_iterator_advance
79 235
+1 141
cfn=(788)
calls=47 -58 
* 1076
+1 141
cfn=(786)
calls=47 -41 
* 1868
+1 141

fl=(161) ???
fn=(522) (below main)
0 12
cob=(2)
cfi=(162) ./csu/../csu/libc-start.c
cfn=(524) __libc_start_main@@GLIBC_2.34
calls=1 242 
0 27257243

fn=(534) 0x00000000000012e0
0 12

fl=(168) /mnt/c/Users/elvin/ioopm/inluppar/inlupp1/freq_count.c
fn=(726) string_compare
43 302976
+1 100992
+1 100992
+2 252480
cob=(3)
cfi=(153)
cfn=(728)
calls=50496 -47 
* 1219044
* 100992
+1 100992

fn=(808) cmp_freq_words_reverse
106 244410
+1 203675
cfn=(810) cmp_freq_words
calls=40735 -10 
* 692495
* 40735
+1 81470

fn=(552) main
119 12
+1 2
+6 5
cfi=(169) /mnt/c/Users/elvin/ioopm/inluppar/inlupp1/hash_table.c
cfn=(554) ioopm_hash_table_create
calls=1 9 
* 2142
* 1
+2 2
+2 10
cfn=(586) process_file
calls=1 -76 
* 23927864
-2 7
+5 3
cfi=(169)
cfn=(782) ioopm_hash_table_size
calls=1 +46 
* 8
* 1
+1 156
+1 1
+2 3
cfi=(210)
cfn=(784)
calls=1 -88 
* 467
* 1
+1 1
+2 141
cfi=(210)
cfn=(792)
calls=47 -71 
* 423
* 329
+1 141
cfi=(210)
cfn=(794)
calls=47 -67 
* 423
* 376
+1 47
+1 141
cfi=(210)
cfn=(796)
calls=47 -64 
* 3602
-5 144
cfi=(210)
cfn=(790)
calls=48 -74 
* 480
* 144
+10 6
cfn=(798) sort_freq_words
calls=1 -34 
* 3319664
+2 2
+2 18
cob=(3)
cfi=(153)
cfn=(818)
calls=1 0 
* 239
-2 3

fn=(586)
54 9
+1 5
cob=(3)
cfi=(153)
cfn=(588)
calls=1 -55 
* 607
* 1
+1 2
+7 2251
+1 2251
+1 13506
cob=(3)
cfi=(153)
cfn=(622)
calls=2251 -65 
* 483499
+1 6753
cob=(3)
cfi=(153)
cfn=(660)
calls=2251 -66 
* 20259
* 4502
+2 3
cob=(3)
cfi=(153)
cfn=(732)
calls=1 -68 
* 87
+11 3
cob=(3)
cfi=(153)
cfn=(758)
calls=1 -79 
* 588
* 1
-8 11250
cob=(3)
cfi=(153)
cfn=(664)
calls=2250 -71 
* 904394
* 4500
+4 84960
cfn=(690) process_word
calls=16992 -60 
* 15227931
-2 67968
cob=(3)
cfi=(153)
cfn=(664)
calls=16992 -73 
* 6745093
* 16992
-1 125694
+5 6750
cob=(3)
cfi=(153)
cfn=(732)
calls=2250 -77 
* 195750
-15 2250
+18 5

fn=(810)
97 203675
+1 81470
+1 81470
+2 244410
+1 81470

fn=(690)
15 152928
+1 16992
+1 84960
cfi=(169)
cfn=(692) ioopm_hash_table_has_key
calls=16992 170 
* 4060858
* 33984
+2 64902
cfi=(169)
cfn=(694) ioopm_hash_table_lookup
calls=10817 153 
* 2427430
+1 32451
+1 64902
cfi=(169)
cfn=(716) ioopm_hash_table_insert
calls=10817 135 
* 2416613
+7 10817
-3 18525
cob=(3)
cfi=(153)
cfn=(700)
calls=6175 -25 
* 1522767
* 6175
+1 55575
cfi=(169)
cfn=(716)
calls=6175 135 
* 4156100
+2 101952

fn=(798)
114 6
+1 7
cob=(3)
cfi=(153)
cfn=(800)
calls=1 0 
* 3319648
+1 3

fn=(698) ioopm_string_knr_hash
31 179204
+1 89602
+1 44801
+1 44801
+2 2478990
+1 247899
-3 1170800
+5 44801
+1 89602

fl=(169)
fn=(696) find_previous_entry
76 268806
+1 224005
cfi=(168)
cfn=(698)
calls=44801 -46 
* 4390500
* 224005
+1 403209
+2 44801
+2 54135
-2 705848
cfi=(168)
cfn=(726)
calls=50496 -37 
* 2178468
* 151488
+4 44801
+1 89602

fn=(782)
179 4
+1 2
+1 2

fn=(716)
135 118944
+1 84960
cfn=(696)
calls=16992 -60 
* 3317204
* 16992
+3 67968
+2 43268
+9 10817
-5 30875
cfn=(718) entry_create
calls=6175 -20 
* 1449122
* 12350
+2 30875
+1 18525
cfn=(720) resize_table
calls=6175 28 
* 1319837
+2 50976

fn=(718)
125 37050
+2 18525
cob=(3)
cfi=(153)
cfn=(556)
calls=6175 0 
* 1331797
* 6175
+1 18525
+1 18525
+2 6175
+1 12350

fn=(720)
28 49400
+1 12350
+1 67925
+1 92625
+2 12350
+2 298720
+2 30875
+1 74100
cob=(3)
cfi=(153)
cfn=(722)
calls=6175 -38 
* 459035
* 12350
+1 6175
-6 173057
+11 30875

fn=(692)
170 152928
+5 101952
cfn=(694)
calls=16992 -22 
* 3721018
+1 84960

fn=(554)
9 6
+8 3
cob=(3)
cfi=(153)
cfn=(556)
calls=1 -17 
* 1853
* 1
+1 2
+1 5
cob=(3)
cfi=(153)
cfn=(556)
calls=1 -19 
* 258
* 3
+1 2
+1 3
+1 3
+2 1
+1 2

fn=(694)
153 194663
+2 139045
cfn=(696)
calls=27809 -79 
* 5462464
* 27809
+3 111236
+2 108170
+1 43268
+4 6175
+2 55618

ob=(4) /usr/libexec/valgrind/vgpreload_core-amd64-linux.so
fl=(156) ???
fn=(504) 0x0000000000001110
0 12

ob=(1)
fl=(66) ./io/../sysdeps/unix/sysv/linux/fstatat64.c
fn=(212) fstatat
146 6
-55 6
+70 7
+1 1
-2 4
+1 4

fl=(67) ./elf/./elf/dl-cache.c
fn=(222) _dl_cache_libcmp
357 7
+1 7
+32 7
-33 7
+1 16
+2 36
+2 36
-2 72
+20 70
+2 70
-12 29
+2 29
+14 29
+1 29
-29 58
+32 3
-28 2
+6 1
+2 1
-2 1
+1 1
-1 1
+1 1
-1 1
+2 3
+2 1
-3 1
+3 3
+2 2
+9 18

fn=(214) _dl_load_cache_lookup
403 10
+2 2
+3 3
+74 1
205 1
482 2
+3 3
fi=(69) ./elf/../sysdeps/x86/dl-procinfo.h
39 2
+3 3
cfi=(32) ./string/../sysdeps/x86_64/multiarch/../multiarch/strcmp-sse2.S
cfn=(94) strcmp
calls=1 +56 
* 25
* 4
fe=(67)
208 6
cfi=(11)
cfn=(28)
calls=1 387 
* 23
* 1
+12 1
-10 1
-2 1
+12 2
-7 5
+9 5
+1 1
-32 2
+36 1
-4 1
+4 2
-5 25
+1 5
-32 10
+36 5
-4 5
+4 10
+4 18
cfn=(222)
calls=6 357 
* 469
+1 12
346 5
+3 2
220 4
347 3
220 8
+2 10
+20 2
+3 2
+2 4
cfn=(222)
calls=1 357 
* 73
* 2
-7 2
-30 3
+1 1
fi=(217) ./elf/../sysdeps/x86/dl-isa-level.h
28 2
fe=(67)
210 2
fi=(217)
28 1
fe=(67)
210 1
+1 1
-1 3
+76 3
fi=(217)
28 3
fe=(67)
259 2
+10 3
+1 4
+16 1
fi=(68) ./elf/../sysdeps/generic/dl-cache.h
125 1
fe=(67)
286 3
+9 2
+3 2
+3 1
+1 3
+28 2
500 2
+12 2
cfi=(22) ./string/../sysdeps/x86_64/multiarch/../multiarch/strlen-sse2.S
cfn=(62) strlen
calls=1 57 
* 35
+1 1
-1 1
+1 12
+1 1
-1 1
+1 1
-1 1
+1 1
cfi=(29) ./string/../sysdeps/x86_64/multiarch/memmove-vec-unaligned-erms.S
cfn=(82) memcpy
calls=1 210 
* 11
* 1
+1 1
cfi=(44) ./string/./string/strdup.c
cfn=(138) strdup
calls=1 40 
* 95
+1 8
411 4
cfi=(52) ./elf/./elf/dl-misc.c
cfn=(216) _dl_sysdep_read_whole_file
calls=1 36 
* 103
* 1
+8 5
+1 8
+3 3
+1 1
-1 3
fi=(68)
194 1
+1 5
fe=(67)
431 1
+1 2

fn=(484) _dl_unload_cache
525 1
+1 4
-1 1
+3 1
-3 1
+3 1
cfi=(140) ./misc/../sysdeps/unix/syscall-template.S
cfn=(486) munmap
calls=1 117 
* 6
+7 1
-6 1
+4 1
+2 1

fl=(9) ./elf/../sysdeps/unix/sysv/linux/dl-sysdep.c
fn=(16) _dl_sysdep_start
102 5
+4 1
-4 1
+1 1
+3 1
cfn=(18) _dl_sysdep_parse_arguments
calls=1 -28 
* 387
+4 2
cfi=(11)
cfn=(22) __GI___tunables_init
calls=1 261 
* 18493
+3 1
cfi=(13) ./elf/./elf/dl-sort-maps.c
cfn=(26) _dl_sort_maps_init
calls=1 289 
* 38
+2 2
cfi=(14) ./elf/../sysdeps/unix/sysv/linux/brk.c
cfn=(30) brk
calls=1 -79 
* 8
fi=(6) ./elf/../sysdeps/x86_64/dl-machine.h
220 1
cfi=(15) ./elf/../sysdeps/x86/dl-get-cpu-features.c
cfn=(34) _dl_x86_init_cpu_features
calls=1 37 
* 7349
fe=(9)
-98 3
+1 1
cfi=(22)
cfn=(62)
calls=1 -66 
* 17
* 1
+2 2
cfi=(23) ./elf/../misc/sbrk.c
cfn=(64) sbrk
calls=1 -88 
* 16
* 3
+12 3
+3 5
cfi=(2) ./elf/./elf/rtld.c
cfn=(66) dl_main
calls=1 1346 
* 109494
+3 4

fn=(480) _dl_sysdep_start_cleanup
147 1
+1 1

fn=(18)
78 1
+2 1
-2 6
+1 1
+1 1
-1 1
+2 2
+2 1
-2 1
+2 2
-1 1
+1 2
-1 30
+1 60
+7 56
fi=(10) ./elf/../sysdeps/unix/sysv/linux/dl-parse_auxv.h
-49 1
fe=(9)
+45 1
fi=(10)
-54 1
fe=(9)
+54 1
fi=(10)
-54 1
+1 1
+1 1
+7 3
+1 44
+1 22
-2 22
+2 22
-2 67
fe=(9)
+52 3
+1 1
+1 2
fi=(10)
-49 1
+1 1
fe=(9)
+46 1
fi=(10)
-45 1
+3 1
+1 1
+1 1
+1 1
+2 1
-5 1
-4 1
+1 1
+4 1
+1 1
+3 1
-7 1
-4 1
+1 1
+8 1
fe=(9)
+40 1
-1 1
+2 1
+1 6

fl=(147) ./elf/./elf/dl-call-libc-early-init.c
fn=(464) _dl_call_libc_early_init
27 1
+2 2
-2 1
+6 3
-6 3
+6 1
-6 2
+6 1
cfi=(146) ./elf/./elf/dl-lookup-direct.c
cfn=(460) _dl_lookup_direct
calls=1 +41 
* 225
+4 2
+2 3
+2 1
-1 1
-1 1
+2 2
-1 1
cob=(2)
cfi=(148) ./elf/./elf/libc_early_init.c
cfn=(466) __libc_early_init
calls=1 -7 
* 353

fl=(24) ./elf/../sysdeps/nptl/dl-tls_init_tp.c
fn=(68) __tls_pre_init_tp
53 3
+3 8
+5 1
-5 1
+5 1
+1 1
-6 1
+8 1

fn=(256) __tls_init_tp
68 2
fi=(218) ./elf/../include/list.h
-24 1
fe=(24)
+24 3
fi=(218)
-25 1
fe=(24)
+26 1
+3 1
fi=(218)
-29 1
+1 1
+1 1
+2 1
fe=(24)
+28 4
+1 2
+1 1
+5 2
+5 1
+6 1
-3 1
+3 1
-6 3
+6 1
+12 4
cfi=(11)
cfn=(28)
calls=1 387 
* 24
fi=(75) ./elf/../sysdeps/unix/sysv/linux/rseq-internal.h
-73 3
+8 1
fe=(24)
+81 3
+7 2
+1 3
fi=(75)
-95 7
+3 2
fe=(24)

fn=(86) rtld_mutex_dummy
42 8
+2 16

fl=(20) ./elf/../sysdeps/x86/dl-cacheinfo.h
fn=(52) intel_check_word.constprop.0
123 48
-4 72
+10 24
-10 96
+10 48
-10 24
+10 24
-10 24
+10 24
+2 48
+71 48
fi=(21) ./elf/../bits/stdlib-bsearch.h
32 24
fe=(20)
202 120
-71 96
+2 60
+2 120
+8 120
+51 96
+22 48
fi=(21)
28 48
-1 96
+2 216
+2 168
+1 84
fe=(20)
+78 168
+3 324
fi=(21)
-78 264
-6 528
+2 480
+1 240
fe=(20)
+78 480
+15 12
246 144
fi=(21)
37 120
fe=(20)
155 36
+3 36
-6 12
+3 39
+9 18
+23 21
-32 63
+3 63
+4 58
+2 116
+3 84
+1 48
+1 48
+1 30
+2 11
+2 22
+6 14
+3 8
+1 12
-20 15
+12 4
+2 4
+1 4
-2 4
-1 4
+2 8
-2 4
+3 4
-2 12
+2 12
+11 2
-9 12

fn=(56) get_common_cache_info.constprop.0
571 11
+17 1
+1 1
+9 1
-12 1
+2 1
+2 1
+8 1
-11 1
+3 1
+11 2
-5 3
+17 1
+5 3
+4 2
770 5
+1 5
+4 2
+8 1
-1 1
+1 1
+1 1
+1 7
627 5
+3 6
-32 5
+75 4
+8 5
+2 2
-2 1
+6 3
+3 1
+1 5
-4 4
+21 2
-21 4
+2 1
+2 4
-4 1
+6 4
+3 2
+5 1
+2 2
+1 1
+1 1
-2 2
+1 1
-19 4
+46 2
+1 1
+1 2
+1 1
+25 3
630 3
+10 6
+14 2
+4 1
+3 1
+1 1
-4 2
+3 3
+6 4
-37 12
+7 6
-7 3
+7 2
+3 20
+5 2
+4 1
+1 1
-1 2
+1 1
+61 2
+7 1
+2 2
-16 1
+22 1
-6 2
+1 1
+5 1
-30 5

fn=(50) handle_intel.constprop.0
255 24
-5 12
+17 12
-17 96
+11 12
+1 12
+5 36
+4 24
+34 96
-29 12
+3 24
-3 12
+3 36
cfn=(52)
calls=12 123 
* 4092
+2 24
+3 60
cfn=(52)
calls=12 123 
* 1272
+2 24

fl=(155) ./elf/./elf/dl-init.c
fn=(498) call_init.part.0
26 48
+17 4
+3 4
-3 8
+3 8
+5 6
+8 9
+1 6
cob=(3)
cfi=(153)
cfn=(500)
calls=1 -60 
* 7
+3 3
+1 6
+6 4
+2 4
-2 2
+3 13
+1 4
cob=(2)
cfi=(160) ./libio/./libio/vtables.c
cfn=(518) check_stdfiles_vtables
calls=1 545 
* 12
* 8
cob=(2)
cfi=(157) ./csu/./csu/init-first.c
cfn=(510) _init_first
calls=1 -28 
* 72
cob=(4)
cfi=(156)
cfn=(504)
calls=1 -74 
* 12
-1 9
+3 32
-29 2

fn=(496) _dl_init
81 13
+1 1
+1 1
+3 3
+8 2
+25 1
+1 8
+1 8
-92 8
+6 12
+2 17
+83 6
cfn=(498)
calls=3 -94 
* 206
* 6
+7 8
-98 2
+60 2
-54 3
+2 7
cfn=(498)
calls=1 -11 
* 77
* 2

fl=(16) ./elf/../sysdeps/x86/cpu-features.c
fn=(36) init_cpu_features.constprop.0
682 1
+17 1
-17 7
+3 1
+1 1
+1 1
+3 1
+9 2
+3 6
1001 3
+1 2
+3 2
+1 2
+6 1
+1 1
+1 1
+1 1
fi=(20)
792 1
+1 1
+2 1
+14 2
+85 1
+1 1
+15 1
-5 1
+5 1
-10 1
-6 1
+2 1
+14 1
-15 1
+2 1
-1 1
+2 1
-1 1
+2 1
-1 1
+1 1
+2 1
+1 1
+1 1
+1 1
+35 2
-15 3
+8 2
+27 6
+9 2
+19 2
+8 6
cfi=(11)
cfn=(28)
calls=1 387 
* 23
* 1
+2 2
+3 4
cfi=(11)
cfn=(28)
calls=1 387 
* 23
* 1
+2 2
+3 4
cfi=(11)
cfn=(28)
calls=1 387 
* 23
* 1
+1 5
+16 2
-12 5
cfi=(11)
cfn=(28)
calls=1 387 
* 23
* 1
+1 3
+6 3
+3 1
-3 2
cfi=(11)
cfn=(28)
calls=1 387 
* 23
* 1
+3 5
-3 1
+3 5
cfi=(11)
cfn=(58) __GI___tunable_set_val
calls=1 153 
* 62
+1 10
cfi=(11)
cfn=(58)
calls=1 153 
* 62
+1 11
cfi=(11)
cfn=(58)
calls=1 153 
* 62
+3 10
cfi=(11)
cfn=(58)
calls=1 153 
* 62
+2 10
cfi=(11)
cfn=(58)
calls=1 153 
* 62
+13 1
+2 1
fe=(16)
-23 1
fi=(20)
+21 1
+3 1
fe=(16)
-24 1
fi=(20)
+26 1
-5 1
+2 1
-2 1
+3 1
fe=(16)
-24 1
fi=(20)
+25 1
+3 1
-1 1
fe=(16)
-27 1
cfi=(11)
cfn=(28)
calls=1 387 
* 22
+3 4
cfi=(11)
cfn=(28)
calls=1 387 
* 24
+6 3
+54 1
-1 1
+1 1
+45 4
cfi=(11)
cfn=(28)
calls=1 387 
* 22
+2 4
cfi=(11)
cfn=(28)
calls=1 387 
* 22
+6 4
cfi=(11)
cfn=(28)
calls=1 387 
* 24
+7 8
fi=(20)
974 12
fe=(16)
+68 1
-1 2
+1 3
+44 3
+27 2
-10 2
+1 2
+2 3
+1 2
+2 3
+1 2
fi=(20)
811 2
cfn=(50)
calls=1 255 
* 455
+1 1
-1 1
+1 1
cfn=(50)
calls=1 255 
* 503
+1 1
-1 1
+1 1
cfn=(50)
calls=1 255 
* 530
+4 1
-4 1
+1 2
+3 1
cfn=(50)
calls=1 255 
* 476
+2 1
-2 1
+2 1
cfn=(50)
calls=1 255 
* 468
+3 1
-3 1
+1 2
+2 1
cfn=(50)
calls=1 255 
* 446
+2 1
-2 1
+2 1
cfn=(50)
calls=1 255 
* 447
+3 1
-2 1
-1 1
+3 1
cfn=(50)
calls=1 255 
* 494
+2 1
-2 1
+2 1
cfn=(50)
calls=1 255 
* 495
+1 1
+2 1
-3 1
+1 1
+2 1
cfn=(50)
calls=1 255 
* 521
+2 1
-2 1
+2 1
cfn=(50)
calls=1 255 
* 522
+2 1
-2 1
+2 1
cfn=(50)
calls=1 255 
* 523
+2 4
-2 1
+2 1
cfn=(56)
calls=1 571 
* 223
+93 1
-6 3
+6 1
-6 2
+6 2
-6 2
+6 2
-1 2
fe=(16)
708 6
cfn=(38) get_common_indices.constprop.0
calls=1 398 
* 74
376 3
+1 2
+1 6
+5 2
713 1
cfn=(42) update_active.constprop.0
calls=1 72 
* 222
+2 1
+2 1
1015 1
715 2
878 2
+7 2
+2 2
+4 2
+6 2
+2 1
706 2
-3 1
384 6
+5 2
+1 7
717 1
fi=(20)
987 1
-48 1
fe=(16)
717 1
fi=(20)
987 2
fe=(16)
717 6
+4 7
+78 1
-25 3
+92 2
+3 2
fi=(20)
+38 1
fe=(16)
-37 1
-89 2
+51 2

fn=(38)
398 3
+4 4
+3 3
+5 2
-5 1
+5 1
-5 1
+4 1
+1 1
+1 4
+1 4
+1 3
+1 2
+7 2
+2 5
+5 1
-5 1
+5 1
-5 1
+5 1
-5 2
+5 1
+7 1
-7 4
+7 1
+1 3
+6 1
-6 4
+6 1
fi=(17) ./elf/../sysdeps/unix/sysv/linux/x86/dl-minsigstacksize.h
24 2
+3 2
+1 2
+37 3
+7 1
+2 1
fe=(16)
457 3

fn=(42)
72 8
+4 1
+10 1
+9 1
+9 1
-19 1
-1 1
+29 1
-4 1
-24 1
+9 1
+9 1
+9 1
-28 2
+25 1
-15 1
-9 1
+9 1
+9 1
+9 1
-3 1
+7 1
-13 1
+9 1
+4 2
-22 1
+22 2
-13 1
+6 1
+3 1
+5 1
+12 1
-8 1
-4 1
+7 1
-3 4
+1 1
+2 1
-2 2
+1 3
+5 1
+2 1
-2 4
+1 1
+1 1
-1 2
+1 1
-1 1
+3 2
+1 4
+14 2
356 2
+4 3
fi=(18) ./elf/../sysdeps/unix/sysv/linux/x86/dl-hwcap2.h
25 2
fi=(19) ./elf/../sysdeps/x86/get-isa-level.h
+5 1
-2 1
+2 3
fe=(16)
369 1
+1 8
151 2
+1 2
-1 5
+1 2
+2 3
+90 1
+1 1
-1 2
+17 4
+16 2
+5 1
-1 2
+4 4
+4 2
+4 3
+1 2
+3 1
-1 1
+9 1
-5 1
+2 1
-2 1
+5 1
+51 1
fi=(19)
31 1
fe=(16)
356 2
fi=(19)
32 3
+4 3
fe=(16)
158 4
+3 1
+3 2
+14 1
+2 1
+10 3
-12 1
+12 1
-12 1
+2 2
-2 1
+2 1
+8 1
-8 1
+6 3
+2 1
-2 1
+2 3
+7 5
fi=(19)
39 2
+1 4
-2 1
+7 4
+2 1
+1 2
+3 5
+2 4
+1 2
+1 2
+3 1
-1 1
+1 3
fe=(16)
171 1
-5 2
+4 1

fl=(145) ./elf/../sysdeps/nptl/dl-mutex.c
fn=(458) __rtld_mutex_init
30 2
+10 3
-10 3
+10 1
-10 1
+10 1
-10 1
+7 1
+3 2
cfi=(146)
cfn=(460)
calls=1 +34 
* 233
+4 2
+1 8
+2 3
-2 1
+2 3
cfi=(146)
cfn=(460)
calls=1 +27 
* 223
+4 2
+1 7
+1 6

fl=(14)
fn=(30)
36 1
fi=(219) ./elf/../sysdeps/unix/sysv/linux/brk_call.h
-12 2
fe=(14)
+13 1
+1 2
+6 1
+1 1

fl=(65) ./io/../sysdeps/unix/sysv/linux/stat64.c
fn=(210) stat
28 6
+1 12
cfi=(66)
cfn=(212)
calls=3 146 
* 28

fl=(13)
fn=(234) dfs_traversal.part.0
135 36
+10 4
-2 4
+2 8
+2 8
-7 6
+7 12
+9 8
+15 12
+1 4
+1 24

fn=(26)
289 2
+1 2
-1 2
+1 2
cfi=(11)
cfn=(28)
calls=1 +97 
* 24
+2 3
-1 1
+2 2

fn=(232) _dl_sort_maps
298 12
+8 1
-8 1
+8 2
+4 8
-99 1
-28 1
-2 1
+1 2
+29 1
-28 4
+1 1
-1 1
+1 1
-1 2
+1 3
-1 3
+1 3
-1 6
+28 15
+8 3
-3 1
+2 1
+1 2
-3 1
+5 13
+2 4
-83 20
cfn=(234)
calls=4 -5 
* 126
+86 12
+18 4
+32 4
+7 1
+27 1
-47 3
cfi=(29)
cfn=(82)
calls=1 -53 
* 11
* 1

fl=(25) ./elf/./elf/dl-environ.c
fn=(70) _dl_next_ld_env_entry
28 3
+1 3
+3 39
+13 29
-13 58
+2 62
+1 18
+5 2
-3 2
+3 2
+2 2

fl=(22)
fn=(62)
57 15
+44 15
+1 15
+1 15
+1 15
+1 15
+1 15
+1 15
+2 15
+2 15
+31 15
+1 15
+1 15
+1 15
+1 15
+1 9
+2 9
+4 6
+1 6
+1 6
+1 6
+1 6
+1 6
+1 6
+1 6
+1 6
+1 6
+1 6
+1 6
+5 48

fl=(27) ./elf/./elf/dl-minimal-malloc.c
fn=(78) __minimal_malloc
36 192
+1 72
+11 69
+3 23
-3 23
+3 46
-3 2
+3 1
-3 1
+3 90
+19 24
+1 24
+2 144
-17 8
+1 4
+2 2
+1 14
cfi=(57) ./misc/../sysdeps/unix/sysv/linux/mmap64.c
cfn=(182) mmap
calls=2 -13 
* 52
* 2
+2 4
+2 8
cfi=(58) ./misc/../sysdeps/unix/sysv/linux/setvmaname.c
cfn=(184) __set_vma_name
calls=2 -31 
* 56
+1 6
+2 2
+4 2
-4 4
-24 1
-1 1
+1 1
+1 2
-2 2

fn=(142) __minimal_free
97 1
+2 4

fn=(74) __minimal_calloc
80 8
+4 8
-4 32
+7 8
+1 24
fi=(28) ./elf/../include/rtld-malloc.h
-32 8
cfi=(27)
cfn=(78)
calls=8 -20 
* 347
fe=(27)

fl=(23)
fn=(64)
37 4
+3 1
-3 2
+21 2
+4 2
+16 5

fl=(30) ./elf/./elf/dl-load.c
fn=(136) expand_dynamic_string_token
385 18
241 4
385 2
241 2
cfi=(41) ./string/../sysdeps/x86_64/multiarch/../multiarch/strchr-sse2.S
cfn=(118) index
calls=2 32 
* 72
+3 4
410 2
-11 2
+11 12
-11 2
cfi=(44)
cfn=(138)
calls=2 40 
* 180

fn=(208) open_path
1812 8
+1 1
-1 3
+1 1
+6 2
+5 17
+67 2
-74 1
+7 3
+57 1
-65 1
+65 1
+10 2
-64 2
+8 6
+7 2
-11 1
+12 1
-1 4
cfi=(29)
cfn=(126) mempcpy
calls=1 197 
* 13
+1 21
+3 6
+5 21
cfi=(29)
cfn=(126)
calls=3 197 
* 39
* 12
cfi=(29)
cfn=(126)
calls=3 197 
* 39
+3 6
+6 9
+3 21
cfn=(170) open_verify.constprop.0
calls=3 1572 
* 168
* 3
+2 9
+2 6
+93 9
-88 6
+1 21
+6 3
+2 6
-2 6
+2 3
cfi=(65)
cfn=(210)
calls=3 28 
* 46
* 3
+3 3
-3 6
+1 2
+9 8
+2 1
-2 2
+2 3
+44 8
+6 2
-2 1
+2 2
+3 3
1822 2
+2 2

fn=(132) fillin_rpath.isra.0
468 9
+4 1
-4 8
+6 3
cfi=(7) ./elf/./elf/dl-minimal.c
cfn=(134) strsep
calls=1 239 
* 240
* 3
cfi=(7)
cfn=(134)
calls=1 239 
* 8
* 6
+7 2
+2 3
cfn=(136)
calls=1 -98 
* 125
* 1
+4 2
+5 2
cfi=(22)
cfn=(62)
calls=1 57 
* 17
* 1
+1 2
+7 5
+9 15
+1 8
fi=(28)
50 2
cfi=(27)
cfn=(142)
calls=1 +47 
* 5
+1 1
fe=(30)
528 4
+4 4
fi=(28)
56 1
cfi=(27)
cfn=(78)
calls=1 -20 
* 30
* 1
fe=(30)
534 2
+5 1
+1 2
-1 1
-1 1
+2 1
cfi=(29)
cfn=(126)
calls=1 197 
* 13
+3 1
-3 1
+1 1
+2 1
+6 1
+1 1
-1 3
+1 5
+1 1
-1 1
+1 1
-1 3
+1 1
-1 2
+1 1
+2 2
+1 3
+1 1
+6 2
+1 1
+3 3
-60 2
-22 2
+88 1
+3 8
-24 2

fn=(88) _dl_process_pt_gnu_property
868 3
+8 3
-8 6
+8 3
-6 3
+12 6
-13 3
+13 3
-13 3
+13 6
+3 9
+1 6
+1 6
+3 9
+1 9
+4 3
+1 6
+22 3
+2 3
-2 6
+2 9
-20 10
+1 5
+3 10
+3 5
+1 20
fi=(31) ./elf/../sysdeps/x86/dl-prop.h
95 20
+7 10
+16 5
-3 10
254 6
+1 3
+2 12
+3 3
-8 4
+5 2
-4 2
+4 6
+3 2
-2 1
fe=(30)

fn=(176) _dl_map_object_from_fd
944 20
+15 2
-15 4
+15 2
-15 4
+15 4
+77 8
+10 4
+7 14
cfi=(26) ./elf/./elf/dl-object.c
cfn=(72) _dl_new_object
calls=2 59 
* 861
* 2
+1 4
+11 2
+5 2
-4 2
-1 2
+2 2
+2 2
-2 2
+2 4
+1 6
+1 2
+19 2
-2 1
+2 12
-2 1
+2 28
+10 2
-10 2
+10 6
+27 2
-33 2
-3 2
+2 2
-1 2
+35 2
+9 2
-50 2
+41 2
+9 2
-36 2
+63 10
-62 86
+26 56
+8 16
+1 8
-1 8
+1 32
+1 8
-1 8
+1 8
+2 8
-2 8
+2 8
+2 8
-4 8
+1 8
+3 8
-4 8
+4 40
+2 16
+13 16
+1 30
+5 6
+1 54
-28 12
-35 18
+62 2
+1 18
-28 4
-35 51
+1 127
1213 2
1100 2
1213 4
1100 6
1218 14
+10 6
+1 2
-1 2
+1 2
-1 6
+1 6
-1 6
+1 6
-1 18
1066 4
1235 4
+10 8
+7 8
fi=(59) ./elf/./dl-map-segments.h
28 2
fe=(30)
1252 6
fi=(59)
28 4
+1 16
cfi=(57)
cfn=(182)
calls=2 +18 
* 56
+73 4
-1 2
-72 2
+73 2
+3 4
+1 2
+2 2
-3 2
+1 2
+2 2
+17 2
-44 2
fi=(60) ./elf/./dl-load.h
+10 16
fi=(59)
+58 32
+6 2
+2 2
-2 2
+1 2
+2 4
-1 4
+3 4
+5 4
+3 6
+8 12
cfi=(43) ./string/../sysdeps/x86_64/multiarch/../multiarch/memset-vec-unaligned-erms.S
cfn=(130) memset
calls=2 -44 
* 287
* 2
+6 4
+12 8
-59 48
+2 24
+2 48
cfi=(57)
cfn=(182)
calls=6 -92 
* 126
* 12
fe=(30)
1264 2
fi=(56) ./elf/../sysdeps/posix/dl-fileid.h
37 4
cfi=(55) ./io/../sysdeps/unix/sysv/linux/fstat64.c
cfn=(178) fstat
calls=2 -7 
* 12
* 4
fe=(30)
989 4
fi=(56)
40 6
fe=(30)
989 2
fi=(56)
40 2
fe=(30)
989 23
+1 10
fi=(56)
49 12
fe=(30)
1519 18
1074 13
+1 2
-1 1
+1 1
-1 1
+1 1
cfi=(70) ./io/../sysdeps/unix/sysv/linux/pread64_nocancel.c
cfn=(224) __pread64_nocancel
calls=1 25 
* 7
* 2
+46 2
+1 1
-15 4
+7 2
+2 2
-2 2
+1 2
+1 2
-1 4
+1 16
+60 3
+5 1
-1 2
+5 1
-5 2
-66 1
+71 4
+1 1
+3 1
-3 1
+8 4
+15 4
+1 2
1008 4
1268 8
+1 6
fi=(61) ./elf/./elf/get-dynamic-info.h
39 4
+6 2
-2 2
+11 2
+1 2
-10 4
+8 3
+15 3
-23 12
+23 44
-23 176
+4 94
+3 13
-1 26
+3 40
+1 32
+1 10
+16 8
+12 7
+1 8
+1 8
+1 8
+1 7
+1 7
+1 7
+1 8
+12 2
+7 2
-7 14
+7 5
+5 2
+7 2
+1 6
+6 6
+1 3
+17 6
+5 2
+2 2
+2 2
+2 2
+4 6
+2 6
+1 4
+9 4
+6 4
+4 4
fe=(30)
1275 4
+1 4
+2 4
+10 6
+19 6
+2 12
+52 6
+1 2
+6 18
+1 42
+6 8
cfn=(88)
calls=2 868 
* 154
-7 52
+1 25
+6 25
-6 50
fi=(31)
149 8
fe=(30)
1380 4
cfi=(62) ./io/../sysdeps/unix/sysv/linux/close_nocancel.c
cfn=(194) __GI___close_nocancel
calls=2 25 
* 12
* 4
+13 4
+2 8
+2 4
+16 4
cfi=(8) ./elf/./elf/dl-setup_hash.c
cfn=(14) _dl_setup_hash
calls=2 25 
* 54
+4 4
+1 4
+17 4
+1 1
+3 1
+5 1
-5 1
+5 1
-5 1
+5 1
-5 1
+5 1
+5 4
+12 16
+10 4
+1 4
+5 2
cfi=(46) ./elf/../elf/dl-tls.c
cfn=(226) _dl_assign_tls_modid
calls=1 125 
* 12
+7 6
cfi=(26)
cfn=(84) _dl_add_to_namespace_list
calls=2 31 
* 106
+3 4
+4 4
cfi=(45) ./elf/./elf/dl-debug.c
cfn=(196) _dl_debug_update
calls=2 38 
* 14
* 2
+1 6
+22 14
+1 6
cfi=(48)
cfn=(198) _dl_audit_objopen
calls=2 77 
* 10
* 2
fi=(60)
92 4
+2 1
-1 1
+1 1
-1 1
+1 1
-1 1
+1 1
-1 2
+3 4
fi=(61)
-37 8
+3 8
+2 8
181 3
-22 2
fe=(30)
1510 4
1074 2
fi=(59)
186 8
cfi=(57)
cfn=(182)
calls=1 47 
* 21
+3 2
fe=(30)
1462 6
+2 1
-1 5
+1 1
-1 1
+1 1
-1 1
cfi=(32)
cfn=(94)
calls=1 98 
* 25
* 2
+2 5

fn=(106) _dl_init_paths
706 11
+14 1
-14 2
+14 2
cfi=(37) ./elf/./elf/dl-hwcaps.c
cfn=(108) _dl_important_hwcaps
calls=1 172 
* 1244
fi=(28)
56 1
fe=(30)
720 1
fi=(28)
56 1
cfi=(27)
cfn=(78)
calls=1 -20 
* 30
fe=(30)
725 1
+2 3
+8 2
-1 3
+5 3
fi=(28)
56 1
cfi=(27)
cfn=(78)
calls=1 -20 
* 30
fe=(30)
739 1
+2 4
+7 1
+8 1
+2 1
+12 2
-23 1
+9 1
+11 1
-4 1
-5 1
+3 2
+7 2
+2 2
-11 1
+11 3
-8 1
+4 1
+1 3
+1 16
cfi=(43)
cfn=(130)
calls=4 132 
* 56
+2 15
-14 3
+10 3
+4 9
-12 3
-2 3
+2 3
+4 3
-3 3
+3 3
+1 3
-2 3
+5 9
+1 6
+3 1
+15 1
-8 1
+5 1
-6 1
+9 2
+2 4
+2 3
+36 5
+2 2
cfi=(22)
cfn=(62)
calls=1 57 
* 17
* 9
-19 1
-2 1
+2 2
+19 9
cfi=(29)
cfn=(82)
calls=1 210 
* 11
* 1
+5 4
-1 2
+2 1
+1 2
-2 4
+1 13
+1 26
-2 52
+5 1
fi=(28)
56 1
cfi=(27)
cfn=(78)
calls=1 -20 
* 30
fe=(30)
836 1
fi=(28)
56 1
fe=(30)
838 2
+6 6
cfn=(132)
calls=1 468 
* 581
+3 3
+6 1
+4 8
-35 2
+5 2

fn=(166) _dl_map_object
1967 36
+8 6
+1 12
+3 51
+5 49
+2 21
cfi=(52)
cfn=(168) _dl_name_match_p
calls=7 68 
* 769
* 14
+4 12
+1 18
+4 2
-1 10
+1 2
+1 2
-1 2
+1 4
cfi=(32)
cfn=(94)
calls=2 98 
* 50
* 4
2270 29
2011 6
-1 4
+9 2
-50 2
+50 4
+17 4
-2 2
+2 2
cfi=(41)
cfn=(118)
calls=2 32 
* 48
* 4
2202 2
-1 3
cfn=(136)
calls=1 385 
* 175
+6 1
-7 1
+1 1
+2 2
+4 7
cfn=(170)
calls=1 1572 
* 106
+3 2
-3 1
+3 1
+12 4
+45 1
+1 5
-1 1
+1 8
cfn=(176)
calls=1 944 
* 1940
-1 1
+1 5
-1 1
+1 8
cfn=(176)
calls=1 944 
* 2374
* 6
2040 2
cfi=(22)
cfn=(62)
calls=1 57 
* 17
* 2
+2 2
+7 4
+51 13
cfn=(208)
calls=1 1812 
* 580
+6 1
-6 1
+6 2
2222 4
+46 2
682 1
2107 1
682 2
2135 2
cfi=(67)
cfn=(214)
calls=1 403 
* 1139
* 1
+2 2
+4 2
+31 1
-23 2
+23 7
cfn=(170)
calls=1 1572 
* 137
+4 2
-4 1
+4 1
+1 1
+17 2
2074 5
682 1
2075 1
682 3
2099 2
+1 2
-47 1
+1 1
696 5
2058 3
682 1
2059 1
682 2
2073 5
+1 2
+41 1
+14 2
+2 3
-47 2

fn=(170)
1572 50
+32 5
-32 10
+32 10
+19 20
cfi=(53) ./io/../sysdeps/unix/sysv/linux/open64_nocancel.c
cfn=(172) __open_nocancel
calls=5 28 
* 109
* 5
+2 10
+8 2
+1 4
+5 2
-5 2
+5 10
cfi=(54) ./io/../sysdeps/unix/sysv/linux/read_nocancel.c
cfn=(174) __read_nocancel
calls=2 25 
* 12
+2 4
+2 4
+2 4
+6 4
+17 26
+81 4
+5 4
+6 8
+6 4
+6 2
+1 2
-1 6
+1 6
+26 45
-22 13
+1 2
-1 1
+1 1
cfi=(70)
cfn=(224)
calls=1 25 
* 7
* 2
1668 3
-59 6
1777 2

fn=(204) _dl_dst_count
238 4
+3 2
-3 10
+7 2
-7 4
+3 2
cfi=(41)
cfn=(118)
calls=2 32 
* 72
+3 4
+20 18

fl=(78) ./elf/./elf/dl-lookup.c
fn=(270) _dl_lookup_symbol_x
772 660
+3 110
-3 330
+3 110
-3 440
fi=(79) ./elf/../sysdeps/generic/dl-new-hash.h
74 110
+3 220
-8 110
+1 220
+10 110
+1 220
-1 674
+1 1348
+20 734
-2 734
+6 734
-3 1468
+2 734
-30 734
+3 1468
fe=(78)
774 110
+1 110
+3 110
-4 110
+1 110
+7 422
+5 110
-2 110
+2 110
-2 110
+6 1575
+1 1540
cfn=(274) do_lookup_x
calls=110 347 
* 39608
* 330
+28 110
-23 330
+23 110
-23 220
+24 602
+7 103
-7 103
+35 412
+34 412
-20 309
+3 206
-57 110
+76 990
fi=(79)
87 50
+1 50
+1 100
+1 50
fe=(78)
871 2
-72 42
+18 21
+11 28

fn=(276) check_match
70 1575
+3 626
+13 103
-13 103
+13 103
-13 103
+13 309
+3 370
cfi=(32)
cfn=(94)
calls=41 +9 
* 2174
* 82
+4 103
+1 206
+2 202
+19 202
+1 808
+45 103
+1 840
-18 4
+2 4
+1 2
-1 4
+1 6
-1 4
-29 303
cfi=(32)
cfn=(94)
calls=101 -19 
* 2732
* 202
-44 8
+5 4

fn=(274)
347 990
+1 110
-1 440
+6 110
-6 110
+65 110
-58 110
+11 110
+50 110
-3 220
+3 220
-50 110
+50 440
-19 1074
+8 358
-4 358
+1 358
+3 1432
+1 716
+3 358
-3 358
+4 716
+4 716
-2 358
+5 1432
+3 2506
+99 765
358 716
+3 716
+4 716
+21 716
+4 716
+71 824
fi=(4) ./elf/../sysdeps/generic/ldsodefs.h
139 206
+1 309
fe=(78)
476 206
fi=(80) ./elf/../sysdeps/generic/dl-protected.h
29 412
fe=(78)
483 788
+16 206
+1 103
+22 103
-21 103
+21 721
-99 315
-1 210
+2 210
+2 105
+6 420
-6 105
+6 735
+7 387
-10 1160
+2 105
+1 315
-1 105
+1 210
-1 105
+1 105
+1 105
-1 105
+1 105
-1 735
cfn=(276)
calls=105 70 
* 11285
+4 315
+3 4
+31 16
+52 7
-1 7
+1 49
-35 27

fl=(38) ./elf/../sysdeps/x86_64/dl-hwcaps-subdirs.c
fn=(110) _dl_hwcaps_subdirs_active
29 1
fi=(19)
+2 1
fe=(38)
+7 1
fi=(19)
-8 4
fe=(38)
+22 1
fi=(19)
-20 3
+4 1
fe=(38)
+2 1
fi=(19)
-2 2
+3 4
+1 4
+5 1
fe=(38)
-7 1
fi=(19)
+7 3
fe=(38)
-2 1
fi=(19)
+5 2
+3 5
+2 4
+1 2
+1 2
+3 1
fe=(38)
-10 1
fi=(19)
+10 3
fe=(38)

fl=(53)
fn=(172)
28 12
+3 6
-3 12
+3 36
+8 42
+2 6
-2 9
+2 6

fl=(51) ./setjmp/../sysdeps/x86_64/setjmp.S
fn=(162) __sigsetjmp
31 3
+2 3
+9 3
+1 6
+1 3
+4 3
+1 3
+1 3
+1 3
+1 3
+2 6
+2 3
+1 3
+1 3
+2 6
+2 3
+8 3
+3 3
+1 3
+7 3
+1 3

fl=(46)
fn=(248) _dl_tls_static_surplus_init
97 2
+3 1
-3 3
+3 1
-3 1
+3 1
-3 1
+3 1
-3 1
+3 1
cfi=(11)
cfn=(28)
calls=1 387 
* 23
* 1
+1 4
cfi=(11)
cfn=(28)
calls=1 387 
* 23
+1 1
+2 1
-3 1
+1 2
+2 3
+3 1
+2 1
-26 3
+28 3
+1 6

fn=(438) _dl_add_to_slotinfo
1017 8
+9 1
-9 1
+6 1
+4 1
+4 3
+34 2
+3 2
+1 3
+3 6

fn=(252) _dl_allocate_tls_storage
417 7
+2 1
+11 1
+1 1
fi=(28)
56 1
cfi=(27)
cfn=(78)
calls=1 -20 
* 85
fe=(46)
432 2
+8 3
fi=(28)
44 1
fe=(46)
440 2
+5 1
-5 1
+1 1
+4 304
+19 1
-99 1
+4 1
+1 1
fi=(28)
44 1
cfi=(27)
cfn=(74)
calls=1 +36 
* 41
fe=(46)
371 2
+3 1
+6 2
+90 7

fn=(146) _dl_count_modids
192 1
+2 2
+1 1
+15 2

fn=(226)
125 1
+16 1
-13 1
-3 3
+3 1
+55 1
-2 1
+5 1
+1 2

fn=(440) _dl_allocate_tls_init
523 11
+1 2
+4 1
+6 1
-6 1
+6 1
cfi=(24)
cfn=(86)
calls=1 42 
* 3
+3 3
+12 1
-18 1
+42 3
-19 12
+9 3
+1 2
+6 3
+3 1
-2 1
+2 1
-2 1
+2 4
+4 1
-4 1
+4 1
-1 2
+4 2
+1 4
+2 2
+1 2
+17 1
-8 1
+8 1
+2 4
cfi=(29)
cfn=(126)
calls=1 197 
* 13
* 6
cfi=(43)
cfn=(130)
calls=1 132 
* 25
-49 1
+55 1
-55 4
+6 5
+55 2
cfi=(24)
cfn=(86)
calls=1 42 
* 3
+3 2
+3 9

fn=(250) _dl_determine_tlsoffset
216 9
+6 4
+3 2
+36 3
+2 1
-2 1
-2 1
-40 1
-1 1
-1 1
+46 2
+23 3
+3 1
-3 5
+2 2
+6 1
-33 2
+20 1
-20 5
+2 2
+3 1
-1 1
+5 2
-5 1
+1 1
-1 1
+3 2
+2 3
+32 2
-1 1
+53 1
-52 5
+2 2
+51 8

fl=(39) ./elf/./elf/dl-hwcaps_split.c
fn=(120) _dl_hwcaps_split
25 5
+1 3
+21 1
-20 1
+20 3

fn=(114) _dl_hwcaps_split_masked
51 110
-25 44
+36 5
-7 5
+7 35
-26 24
+5 27
cfi=(41)
cfn=(118)
calls=9 -9 
* 216
* 9
+1 18
+3 6
+11 12
+1 18
+1 12
-2 6
+1 9
+1 6
-28 24
+4 48
+1 12
-1 30
+24 6
+9 12
-5 6
-2 6
+2 42
-19 6
cfi=(22)
cfn=(62)
calls=3 +14 
* 51
* 6

fl=(42) ./string/../sysdeps/x86_64/multiarch/../multiarch/memcmp-sse2.S
fn=(122) bcmp
59 1
+12 1
+1 1
+22 1
+1 1
+45 1
+1 1
+2 1
+1 1
+2 1
+1 1
+2 1
+1 1
+47 1
+1 1
+1 1
+1 1
+1 1
+1 1

fl=(41)
fn=(118)
32 15
+1 15
+1 15
+1 15
+1 15
+1 15
+1 15
+1 15
+1 15
+1 15
+1 15
+1 15
+1 15
+1 15
+1 15
+1 15
+1 15
+1 15
+1 13
+4 13
+1 13
+1 13
+1 13
+2 13
+4 2
+1 2
+1 2
+1 2
+1 2
+1 2
+1 2
+1 2
+1 2
+1 2
+1 2
+1 2
+1 2
+1 2
+1 2
+1 2
+1 2
+1 2
+1 2
+1 2
+1 2
+1 2
+1 2
+1 2
+52 2
+4 2
+1 2
+1 2
+1 2
+2 2

fl=(76) ./elf/../sysdeps/x86_64/dl-cet.c
fn=(492) _dl_cet_setup_features
331 1
+3 2
+16 1

fn=(260) _dl_cet_check
361 8
-76 1
-10 2
+2 2
-1 1
+6 1
+3 1
+8 1
-11 1
+1 1
-1 1
+1 1
-1 1
+1 1
+10 4
+3 1
+4 2
+2 2
-1 1
+2 2
+2 2
-1 2
+4 1
+2 1
+3 2
145 2
+12 2
+16 1
+6 1
363 6

fl=(2)
fn=(66)
1346 2
197 1
1346 11
199 1
302 1
+1 1
197 1
+99 3
1357 1
cfi=(24)
cfn=(68)
calls=1 53 
* 17
2749 1
2538 1
2749 2
2598 1
+2 2
+15 1
-13 2
cfi=(25)
cfn=(70)
calls=1 28 
* 35
* 4
cfi=(25)
cfn=(70)
calls=2 28 
* 185
* 9
+4 6
-2 2
+2 6
+1 2
-1 6
+1 17
-1 89
+9 12
2727 3
1373 1
+1 2
-1 2
+1 2
2687 3
-47 2
+10 2
1637 9
cfi=(26)
cfn=(72)
calls=1 59 
* 210
* 1
+2 2
+1 3
+6 1
-5 2
+1 3
+4 1
cfi=(26)
cfn=(84)
calls=1 31 
* 42
+1 2
1116 1
-1 1
1351 1
1143 1
-21 2
+21 2
-19 1
+1 1
-3 1
+21 2
+57 1
-82 1
+25 1
-3 1
+4 1
+19 1
+37 4
-56 102
+56 4
-1 4
+1 8
-1 4
+2 8
+1 1
+2 12
+1 14
+4 8
+1 8
+1 4
+4 12
-72 27
1253 2
+1 22
+6 4
cfi=(30)
cfn=(88)
calls=1 868 
* 90
-7 26
+1 13
+6 13
-6 26
fi=(31)
235 4
+1 2
-87 4
fe=(2)
1148 1
-5 1
+5 2
-5 2
+30 1
-9 2
+2 1
-3 1
+10 2
+18 2
-38 2
-10 1
+10 1
+1 9
-11 2
+1 14
1247 1
1143 1
1247 2
1143 3
1266 4
+3 3
+2 3
1672 3
+2 2
-1 1
+1 1
+1 3
-2 2
cfi=(32)
cfn=(94)
calls=1 98 
* 25
* 2
+7 1
+3 1
-5 1
+3 1
+2 1
+1 2
+4 2
+2 2
fi=(3) ./elf/./get-dynamic-info.h
39 4
+4 1
+2 1
+9 1
+1 1
-10 2
+23 26
-23 104
+4 52
+3 6
-1 12
+3 24
+1 20
fe=(2)
1243 1
1143 1
1243 1
1143 2
fi=(3)
72 4
+43 2
+7 3
+1 4
+6 3
+18 4
+5 2
+2 2
+2 2
+2 2
+1 2
+3 4
+2 3
+1 2
+9 2
+6 2
+1 3
+3 3
fe=(2)
1698 4
+7 2
cfi=(8)
cfn=(14)
calls=1 25 
* 27
+3 2
fi=(33) ./elf/./setup-vdso.h
24 2
fi=(36) ./elf/./dl-main.h
+85 2
fi=(35) ./elf/../sysdeps/unix/sysv/linux/dl-vdso-setup.h
-64 1
fi=(36)
+64 3
cfi=(30)
cfn=(106)
calls=1 706 
* 2322
fe=(2)
1733 3
cfi=(45)
cfn=(144) _dl_debug_initialize
calls=1 56 
* 34
+7 1
-5 1
-2 1
+7 1
+4 1
+1 1
+2 1
-3 3
+1 2
+3 1
+11 1
-13 1
+13 1
+1 2
+5 1
-3 2
+2 1
+1 2
+5 3
+1 5
-1 2
224 1
+1 1
-1 1
+1 3
+1 2
1788 2
+5 1
-1 1
1352 1
1793 1
+24 1
cfi=(46)
cfn=(146)
calls=1 192 
* 6
* 1
fi=(47) ./elf/../sysdeps/generic/dl-debug.h
29 4
+1 1
fe=(2)
1823 1
+1 1
cfi=(45)
cfn=(150) _dl_debug_state
calls=1 116 
* 2
+1 1
+4 3
cfi=(48)
cfn=(152) _dl_audit_activity_map
calls=1 29 
* 17
+5 3
+2 1
+2 2
+9 2
+16 4
cfi=(63) ./io/../sysdeps/unix/sysv/linux/access.c
cfn=(200) access
calls=1 25 
* 9
* 2
+76 4
+16 3
85 1
1965 1
85 2
1965 1
85 1
1965 5
85 1
1965 2
cfi=(64) ./elf/./elf/dl-deps.c
cfn=(202) _dl_map_object_deps
calls=1 143 
* 6950
92 1
+9 1
1971 1
92 2
+9 2
1971 2
+1 6
-1 4
+1 6
-1 12
+4 3
+1 2
+1 1
+2 14
+1 6
+46 1
-42 2
+8 3
+1 2
+2 1
+2 3
+2 1
-4 1
+5 1
-1 2
+14 2
+1 2
+1 3
-25 1
+36 2
+2 1
-2 1
+2 2
-2 1
+1 2
+1 1
-1 2
+1 1
cfi=(50) ./elf/./elf/dl-catch.c
cfn=(236) _dl_receive_error
calls=1 186 
* 3791
+10 1
+1 1
-1 1
+1 1
+3 2
837 1
fi=(220) ./elf/../sysdeps/unix/sysv/linux/dl-osinfo.h
39 2
fe=(2)
839 1
fi=(220)
52 1
fe=(2)
848 1
+7 1
-5 1
2047 3
2246 2
+4 1
-4 1
+10 1
-6 1
+6 1
-6 1
+9 2
+8 2
fi=(31)
36 2
+1 3
+3 3
+13 6
-13 3
+9 6
-9 1
+9 16
+4 12
-16 12
+34 1
fe=(2)
2279 1
fi=(31)
71 1
cfi=(76)
cfn=(260)
calls=1 361 
* 55
fe=(2)
2282 1
-3 2
+5 1
-2 2
+2 2
+1 6
cfi=(77) ./elf/./elf/dl-reloc.c
cfn=(262) _dl_relocate_object
calls=1 207 
* 67964
85 2
2292 1
85 2
2292 1
+1 17
+2 8
+5 8
+2 8
+6 4
+2 8
+1 24
cfi=(77)
cfn=(262)
calls=3 207 
* 16162
+4 10
+1 2
-23 1
+23 1
cfi=(46)
cfn=(438)
calls=1 1017 
* 28
-23 3
92 3
+1 1
2325 1
93 1
2325 1
+4 4
+2 1
+7 4
cfi=(46)
cfn=(440)
calls=1 523 
* 149
+3 2
+4 3
+2 2
+33 3
cfi=(147)
cfn=(464)
calls=1 27 
* 603
+7 1
cfi=(9)
cfn=(480)
calls=1 147 
* 2
+3 3
cfi=(48)
cfn=(482) _dl_audit_activity_nsid
calls=1 41 
* 11
+4 2
cfi=(45)
cfn=(196)
calls=1 38 
* 7
+1 1
-1 1
+2 1
cfi=(45)
cfn=(150)
calls=1 116 
* 2
+1 1
+4 1
cfi=(67)
cfn=(484)
calls=1 525 
* 19
+5 8
2304 1
+1 1
-3 2
226 2
-2 1
+1 1
1773 1
+6 1
-6 2
+6 1
fi=(3)
56 5
+3 4
fi=(34) ./elf/../sysdeps/unix/sysv/linux/dl-vdso.h
-19 2
+1 5
fi=(35)
-11 1
+3 1
+3 1
+3 1
fi=(34)
+16 2
fi=(3)
+17 3
+12 3
+1 5
+1 5
+1 5
+1 4
+1 5
+1 5
+1 5
+12 2
+7 1
-7 7
+7 2
fe=(2)
1743 4
2357 1
cfi=(141) ./elf/./elf/dl-find_object.c
cfn=(442) _dl_find_object_init
calls=1 561 
* 581
+5 3
cfi=(7)
cfn=(450) __rtld_malloc_init_real
calls=1 76 
* 2479
+3 1
cfi=(145)
cfn=(458)
calls=1 30 
* 503
85 1
2371 1
+1 3
85 3
2372 2
cfi=(77)
cfn=(262)
calls=1 207 
* 1613
92 3
+9 3
2687 2
+2 1
+1 1
-1 1
+1 1
+1 1
2040 2
cfn=(246) init_tls
calls=1 734 
* 831
* 2
2650 2
+2 2
+1 1
fi=(3)
62 4
+2 4
fe=(2)
1943 10
85 1
1842 2
85 3
1842 2
cfn=(154) handle_preload_list
calls=1 869 
* 3098
* 1
92 3
+9 3
1943 6
+1 1
-1 1
+4 3
+1 1
+1 2
+1 2
-7 2

fn=(154)
869 11
+5 1
-5 2
+5 2
-4 3
+7 3
cfi=(49) ./string/../string/strcspn.c
cfn=(156) strcspn
calls=1 32 
* 254
* 1
+1 3
+9 1
183 1
889 2
183 2
891 2
-80 1
+5 1
-6 1
-4 1
+10 2
-6 1
+4 1
+2 2
-5 1
+1 1
+4 1
cfi=(50)
cfn=(158) _dl_catch_error
calls=1 254 
* 2754
+1 3
+8 3
+67 1
-18 2
+21 9
-15 4
cfi=(29)
cfn=(82)
calls=1 210 
* 19
+1 2

fn=(2) _dl_start
517 16
85 1
547 4
85 1
543 1
fi=(6)
55 1
fe=(2)
+30 1
546 1
85 1
fi=(3)
-40 1
fe=(2)
546 1
fi=(3)
45 2
+23 18
-23 72
+4 36
+3 5
-1 10
+3 20
+1 16
+1 5
fi=(4)
+23 1
fi=(3)
+31 1
-38 3
+12 4
+1 3
+1 4
+1 4
+1 5
+1 3
+1 4
+1 4
+12 7
+7 2
-51 4
+64 3
+6 3
+1 3
+3 2
+1 3
+5 5
+3 5
fe=(2)
563 154
fi=(4)
79 1
fe=(2)
563 1
fi=(4)
79 2
fe=(2)
563 27
fi=(6)
287 3
fi=(5) ./elf/./elf/do-rel.h
49 1
fe=(2)
563 1
fi=(5)
50 1
-1 2
+4 1
-3 1
+3 4
+3 2
-7 1
fe=(2)
563 1
fi=(5)
50 1
-1 2
+4 1
-3 1
+3 4
+3 2
+7 3
+2 3
-2 6
fi=(6)
278 3
fi=(5)
64 6
fi=(6)
278 6
+9 24
+3 6
+1 6
+26 8
+6 2
fi=(5)
61 13
fe=(2)
563 6
fi=(5)
51 1
fi=(4)
+28 2
fi=(3)
-17 4
+2 4
fe=(2)
565 1
+13 1
cfi=(7)
cfn=(12) __rtld_malloc_init_stubs
calls=1 42 
* 10
458 2
85 1
476 2
85 3
476 1
cfi=(8)
cfn=(14)
calls=1 25 
* 27
+2 1
+16 2
-17 1
+11 1
-10 1
+16 1
cfi=(9)
cfn=(16)
calls=1 102 
* 135839
* 1
+2 2
+89 9
fi=(3)
103 3
fe=(2)

fn=(164) map_doit
641 2
+2 1
-2 4
+2 1
+1 2
-1 2
+1 3
cfi=(30)
cfn=(166)
calls=1 1967 
* 2643
* 1
+2 3

fn=(238) version_check_doit
674 2
+2 1
-2 4
+2 3
cfi=(73) ./elf/./elf/dl-version.c
cfn=(240) _dl_check_all_versions
calls=1 392 
* 3754
* 2
+4 3

fn=(246)
734 1
+6 1
-6 3
+2 2
+4 2
+11 1
fi=(28)
44 1
fe=(2)
746 1
+4 1
fi=(28)
44 1
cfi=(27)
cfn=(74)
calls=1 +36 
* 41
fe=(2)
761 1
-12 1
+6 1
-9 1
+11 1
+4 1
+2 3
-1 2
+3 8
+4 1
+2 1
-2 2
-5 1
-1 2
+10 3
+3 2
cfi=(46)
cfn=(248)
calls=1 97 
* 86
+3 1
cfi=(46)
cfn=(250)
calls=1 216 
* 79
+7 1
cfi=(46)
cfn=(252)
calls=1 417 
* 469
* 1
+1 2
+6 1
fi=(74) ./elf/../sysdeps/generic/dl-call_tls_init_tp.h
31 2
fe=(2)
793 1
fi=(74)
31 6
+2 1
cfi=(24)
cfn=(256)
calls=1 +35 
* 79
fe=(2)
800 1
-3 1
+3 4
-36 3
-1 7

fl=(57)
fn=(182)
47 12
+3 24
-3 72
+6 24
+5 72
+2 48
-7 29

fl=(55)
fn=(178)
30 3
+9 12
+33 3

fl=(140)
fn=(436) mprotect
117 20
+5 4

fn=(486)
117 5
+5 1

fl=(15)
fn=(462) __x86_cpu_features
71 1
-32 3
+32 2

fn=(34)
37 1
+2 3
+2 1
cfi=(16)
cfn=(36)
calls=1 682 
* 7344

fl=(49)
fn=(156)
32 6
+1 3
+1 2
+5 6
+1 4
+1 4
+1 4
+2 1
+3 3
+1 2
-1 6
+1 4
+3 4
+1 4
+1 4
+1 4
+2 3
+6 1
-1 1
+1 1
+2 2
-1 2
+2 1
+2 6
-5 12
-1 12
+1 12
+2 24
-1 24
+2 12
+2 72
+2 1
+1 3
+1 2
-1 1
+1 1

fl=(52)
fn=(168)
68 98
+1 28
cfi=(32)
cfn=(94)
calls=14 +29 
* 440
* 28
+3 14
+2 28
+6 15
-6 30
+1 54
cfi=(32)
cfn=(94)
calls=18 +23 
* 592
* 36
+8 3
-13 3
+13 20
-1 11
+1 33

fn=(216)
36 2
+3 1
-3 7
+3 1
-3 2
+3 1
cfi=(53)
cfn=(172)
calls=1 -11 
* 20
+1 2
+23 8
-21 4
cfi=(55)
cfn=(178)
calls=1 -12 
* 6
* 2
+2 2
+3 2
+13 2
cfi=(62)
cfn=(194)
calls=1 -35 
* 6
* 1
-11 6
cfi=(57)
cfn=(182)
calls=1 -2 
* 26
* 2

fl=(7)
fn=(134)
239 2
+3 4
+2 2
+1 4
+4 3
-2 2
+4 28
+5 84
-2 56
+13 1
+4 4
-22 14
+15 14
-15 30

fn=(454) lookup_malloc_symbol
61 8
+3 4
-3 12
+3 4
-3 12
+3 4
-3 4
+2 4
+1 16
cfi=(78)
cfn=(270)
calls=4 772 
* 2196
+4 28
+1 28
+2 4
fi=(144) ./elf/./dl-sym-post.h
-30 8
+12 12
fe=(7)
+19 24

fn=(450)
76 2
+10 1
fi=(143) ./elf/../sysdeps/generic/dl-hash.h
-41 1
-1 1
fe=(7)
+32 8
+11 1
-1 1
fi=(143)
-43 1
+5 3
+14 4
-17 3
+3 15
+14 20
-17 15
fe=(7)
+46 2
fi=(143)
-24 1
fe=(7)
+22 1
+2 2
fi=(143)
-19 1
fe=(7)
+19 1
cfn=(454)
calls=1 -30 
* 574
+1 3
-1 1
+1 1
cfn=(454)
calls=1 -31 
* 563
+1 3
-1 1
+1 1
cfn=(454)
calls=1 -32 
* 648
+1 3
-1 1
+1 1
cfn=(454)
calls=1 -33 
* 583
+5 1
+1 1
+1 1
+1 1
+1 8

fn=(12)
42 1
+1 2
+1 2
+1 2
+1 2
+1 1

fl=(37)
fn=(108)
172 6
+3 1
-3 3
+3 1
-3 5
+2 1
cfi=(38)
cfn=(110)
calls=1 29 
* 49
+1 1
fi=(40) ./elf/./dl-hwcaps.h
43 1
fe=(37)
174 1
fi=(40)
45 2
+32 1
+1 1
+1 1
fe=(37)
-27 2
cfi=(39)
cfn=(114)
calls=1 -1 
* 23
* 2
fi=(40)
-9 1
+2 1
-2 1
+34 2
+1 2
+1 1
fe=(37)
-24 2
-1 2
+1 2
+1 2
+1 2
-5 4
cfi=(39)
cfn=(114)
calls=2 -1 
* 130
* 2
cfi=(39)
cfn=(114)
calls=1 -1 
* 125
* 6
+48 4
fi=(28)
-44 2
cfi=(27)
cfn=(78)
calls=1 -20 
* 30
fe=(37)
+46 2
-2 1
+2 1
+3 1
+3 1
fi=(40)
-65 1
+2 1
fe=(37)
+67 1
fi=(40)
-66 1
fe=(37)
+66 2
cfi=(39)
cfn=(120)
calls=1 -87 
* 13
* 2
fi=(40)
-69 1
+2 1
-2 1
+34 2
+1 2
+1 1
fe=(37)
+48 10
+1 4
+1 2
+1 2
-1 2
-4 4
cfi=(39)
cfn=(114)
calls=2 -74 
* 130
* 2
cfi=(39)
cfn=(114)
calls=1 -74 
* 125
* 6
+8 3
+9 5
+3 8
-2 6
+14 1
+4 1
+1 1
+1 1
-20 3
+19 1
+1 1
-20 2
+8 2
+4 2
-4 3
+4 2
cfi=(42)
cfn=(122)
calls=1 -96 
* 19
+1 3
-14 8
+47 1
-4 2
+4 2
-3 1
+7 1
-7 2
+7 1
fi=(28)
56 1
cfi=(27)
cfn=(78)
calls=1 -20 
* 30
* 1
fe=(37)
194 2
+8 1
fi=(40)
43 1
fe=(37)
201 1
80 1
fi=(40)
-35 1
fe=(37)
+35 1
202 1
fi=(40)
77 1
+1 1
fe=(37)
202 3
fi=(40)
79 1
fe=(37)
-2 2
cfi=(39)
cfn=(114)
calls=1 -26 
* 23
* 2
fi=(40)
-34 1
+2 1
fe=(37)
+35 2
fi=(40)
-37 1
+34 2
+1 2
+1 3
fe=(37)
+1 4
+7 2
-7 8
cfi=(29)
cfn=(126)
calls=2 197 
* 26
+4 2
+2 2
+2 2
-2 4
-9 4
cfi=(39)
cfn=(114)
calls=2 -26 
* 130
* 2
cfi=(39)
cfn=(114)
calls=1 -26 
* 125
* 6
213 2
-5 1
+1 1
-1 1
+5 1
+3 9

fl=(64)
fn=(206) openaux
61 12
+7 2
-4 6
+1 2
-1 14
cfi=(30)
cfn=(166)
calls=2 1967 
* 5161
* 2
+5 6

fn=(202)
143 4
+1 2
-1 1
+1 1
-1 2
+1 1
-1 1
+1 1
-1 4
+1 3
-1 1
+1 7
-8 1
+8 2
-8 1
-6 1
-2 1
+16 1
-8 1
-7 1
+1 1
+6 1
+24 4
-28 3
-2 1
+31 1
-33 2
+2 2
+30 2
-30 1
-1 4
+7 4
+24 3
+28 3
-6 1
+46 1
fi=(72) ./elf/../include/scratch_buffer.h
77 1
fe=(64)
+87 1
fi=(72)
-87 1
+1 1
fe=(64)
184 1
+44 4
-31 1
-4 1
+4 5
-4 3
+4 6
+11 12
-18 2
+18 4
417 8
+2 2
+3 2
-3 6
+3 2
-3 2
fi=(28)
56 2
cfi=(27)
cfn=(78)
calls=2 -20 
* 60
fe=(64)
423 6
fi=(28)
56 2
fe=(64)
423 2
+6 2
+1 10
cfi=(29)
cfn=(82)
calls=2 210 
* 22
+1 10
cfi=(29)
cfn=(82)
calls=2 210 
* 22
+3 2
+1 4
+4 12
188 6
442 9
-1 4
+1 8
183 6
+27 8
+7 2
+4 2
-6 2
+1 2
+1 2
+1 4
+3 6
-2 2
-29 10
+32 112
+6 8
cfi=(30)
cfn=(204)
calls=2 +10 
* 118
* 6
+4 4
-2 2
+2 4
cfi=(50)
cfn=(160) _dl_catch_exception
calls=2 -28 
* 5337
+1 4
+9 2
+2 4
+5 10
+6 2
+2 2
-8 4
+3 2
+1 2
+1 2
+1 2
+4 2
-3 2
+3 6
+4 6
+1 3
-43 230
+7 4
+38 162
fi=(72)
85 3
fe=(64)
448 5
+1 1
+3 4
+11 5
fi=(28)
56 1
cfi=(27)
cfn=(78)
calls=1 -20 
* 30
fe=(64)
465 3
fi=(28)
56 1
fe=(64)
465 1
+5 2
+1 1
-1 3
+4 3
-2 2
+13 3
+5 3
-16 9
+11 3
-7 3
+7 3
-2 6
-5 1
+7 1
-2 2
+2 1
-11 1
+11 1
+5 1
-16 3
+21 3
+37 2
+15 2
-14 2
+20 1
-1 4
+1 4
-1 5
cfi=(13)
cfn=(232)
calls=1 298 
* 277
+5 1
+2 1
+1 1
+1 2
-2 1
+2 1
+7 3
+3 2
+3 8
198 25
+3 2
fi=(72)
-70 8
cfi=(71) ./malloc/./malloc/scratch_buffer_set_array_size.c
cfn=(228) __libc_scratch_buffer_set_array_size
calls=2 30 
* 50
fe=(64)
+70 6
+4 4
547 4
cfi=(29)
cfn=(82)
calls=1 210 
* 11
* 3
-53 2
144 2

fl=(54)
fn=(174)
25 2
+1 8
+1 2

fl=(45)
fn=(196)
38 3
+3 3
-1 6
+4 6
+4 3

fn=(144)
56 3
+3 2
+4 1
+22 1
+10 1
-32 2
+1 1
+21 2
+5 2
+1 1
+4 1
-4 1
-1 1
+2 1
+3 1
+4 2
+8 2
-50 1
+4 2
+35 6

fn=(150)
116 2
+1 2

fl=(26)
fn=(72)
59 45
+3 6
+18 4
+3 2
cfi=(22)
cfn=(62)
calls=2 -26 
* 52
+4 2
-4 2
+4 2
+5 2
-9 6
fi=(28)
-39 4
cfi=(27)
cfn=(74)
calls=2 +36 
* 183
fe=(26)
+39 1
fi=(28)
-39 2
cfi=(27)
cfn=(74)
calls=1 +36 
* 47
* 3
fe=(26)
+51 6
+5 3
+4 3
-6 3
+2 3
+4 3
-5 3
+4 3
+1 3
-1 3
+1 6
cfi=(29)
cfn=(82)
calls=3 210 
* 44
* 3
+15 3
-15 3
+2 3
+13 6
+6 1
+2 7
+3 2
-3 14
+3 4
+2 3
+4 3
+3 10
+2 12
-2 8
+2 8
-2 16
+16 6
-5 3
+5 3
-6 3
+6 3
-6 3
+6 6
+2 4
+3 4
-3 4
+7 8
+4 6
+8 1
+13 1
-10 2
+10 5
-10 4
+10 6
+2 2
cfi=(22)
cfn=(62)
calls=2 57 
* 70
+21 2
-21 6
+17 2
-13 6
+50 6
cfi=(29)
cfn=(126)
calls=2 -48 
* 34
* 2
+5 4
+1 4
-1 80
+1 80
+4 4
+1 2
+3 2
+4 27
131 6
-8 2
-4 4
+34 1
+7 4
+8 8
fi=(28)
56 4
cfi=(27)
cfn=(78)
calls=2 -20 
* 60
* 2
fe=(26)
200 4
-1 4
64 2
+2 3
+1 2
+4 6
+6 2

fn=(84)
31 12
+2 3
-2 6
+2 3
-2 9
+2 3
cfi=(24)
cfn=(86)
calls=3 +9 
* 9
+2 26
+3 20
+2 2
+2 2
+4 2
+4 2
-4 4
+1 4
+1 4
+3 10
-1 2
cfi=(24)
cfn=(86)
calls=2 -8 
* 6
-4 1
+4 1
-4 2
+1 2
+1 2
+3 5
-1 1
cfi=(24)
cfn=(86)
calls=1 -8 
* 3
-5 2

fl=(58)
fn=(184)
33 2
+2 7
-2 4
+7 1
-7 2
+7 1
-7 2
+7 1
-7 1
+7 1
cfi=(11)
cfn=(28)
calls=1 387 
* 24
* 3
+7 1
+2 6

fl=(11)
fn=(58)
153 15
-81 40
+81 15
-81 10
+10 5
fi=(221) ./elf/./dl-tunable-types.h
+2 5
fe=(11)
+9 40
+1 25
fi=(12) ./elf/./elf/dl-tunables.h
+47 10
fe=(11)
-26 25
+1 5
+1 5
+1 5
+39 15
fi=(12)
-15 10
fe=(11)
-45 10
+3 5
fi=(12)
+51 5
fe=(11)
-51 5
+4 10
+7 10
+1 10
-12 25

fn=(28)
387 37
+3 74
-3 37
+3 296
+9 34
-9 68
+19 22
+7 222
+2 37
-19 15
+1 15
+9 6

fn=(22)
261 8
+22 1
-22 1
128 1
283 1
-22 1
+6 4
42 160
+6 31
-3 31
+3 2272
+4 62
+4 62
fi=(12)
160 31
fe=(11)
56 62
fi=(12)
161 20
-1 91
+1 113
-1 62
fe=(11)
281 5084
+6 9207
fi=(12)
160 310
+1 620
-1 25
+1 100
-1 125
fe=(11)
304 8

fl=(44)
fn=(138)
40 18
+1 3
cfi=(22)
cfn=(62)
calls=3 +16 
* 87
* 3
fi=(222) ./string/../include/rtld-malloc.h
+15 6
cfi=(27)
cfn=(78)
calls=3 -20 
* 90
fe=(44)
-12 6
+3 9
+1 9
-1 3
cfi=(29)
cfn=(82)
calls=3 210 
* 41

fl=(50)
fn=(158)
254 6
+2 1
-2 6
+2 1
cfn=(160)
calls=1 -52 
* 2728
+1 2
+1 1
+1 1
-1 1
+1 1
+2 6

fn=(236)
186 2
58 1
186 4
+2 1
-2 1
58 1
+1 1
+11 1
192 1
+2 1
cfi=(2)
cfn=(238)
calls=1 674 
* 3769
69 2
+1 1
198 1
-1 1
+1 3

fn=(160)
204 18
58 3
204 6
+3 6
+22 3
-1 3
+1 3
58 6
235 9
cfi=(51)
cfn=(162)
calls=3 31 
* 72
* 9
+2 9
cfi=(64)
cfn=(206)
calls=2 61 
* 5205
cfi=(2)
cfn=(164)
calls=1 641 
* 2662
69 3
+1 3
-1 3
+1 3
239 12
-25 3
+34 9
59 6
+11 9

fl=(63)
fn=(200)
25 1
+2 7
+4 1

fl=(71)
fn=(228)
30 26
+4 2
+1 4
+10 4
+18 2
-17 2
+17 10

fl=(141)
fn=(446) _dlfo_process_initial
474 2
+3 2
-3 6
+1 2
+3 4
+26 14
+1 6
+1 8
-1 16
+3 28
+3 24
-7 10
+27 2
-2 2
+2 6
-18 18
+3 6
-1 6
cfi=(142) ./elf/./dl-find_object.h
cfn=(444) _dl_find_object_from_map
calls=3 95 
* 189
+2 12

fn=(448) _dlfo_sort_mappings
536 1
+1 2
+3 4
+4 1
+1 1
-1 1
+1 2
-1 1
+1 1
-1 1
+1 6
+1 15
+3 2
-1 2
-3 9
+8 6
+1 4
-1 2
-13 4
+14 6
+1 4
-15 4
+17 1

fn=(442)
561 2
+3 1
-3 3
+5 2
+13 1
cfn=(446)
calls=1 474 
* 81
+1 1
-1 1
+1 1
fi=(28)
56 1
cfi=(27)
cfn=(78)
calls=1 -20 
* 30
fe=(141)
580 1
fi=(28)
56 1
fe=(141)
582 2
+3 2
+5 1
+1 1
cfn=(446)
calls=1 474 
* 282
+3 3
+10 4
-37 2
cfi=(142)
cfn=(444)
calls=1 95 
* 68
* 1
+29 2
cfn=(448)
calls=1 -60 
* 80
+3 6
+2 1

fl=(43)
fn=(130)
132 7
+1 35
+5 7
+1 7
+3 2
+1 2
244 2
+1 2
+12 2
+3 2
+1 2
+12 2
+1 2
+13 2
+1 2
+2 2
+3 1
+3 2
+3 1
+1 1
+1 1
+1 1
+1 1
+1 1
+1 1
-6 34
+1 34
+1 34
+1 34
+1 34
+1 34
+1 34
+3 2
+1 2
+1 2
+1 2
+5 2
+34 5
+2 5
+1 5
+39 5
+1 5
+2 5

fl=(29)
fn=(82)
210 15
+1 15
+6 15
+1 15
+2 9
+1 9
+1 9
+2 6
+1 6
+1 6
+2 6
+80 6
+1 6
+2 1
+4 1
+1 1
+1 1
+1 1
+1 1
+4 1
+2 1
+39 5
+1 5
+1 5
+1 5
+1 5
+7 3
+1 3
+1 3
+1 3
+1 3
+1 3
+1 3
+11 3
+1 3
+2 3
+1 3
+1 3

fn=(126)
197 13
+1 13
+1 13
+1 13
+17 13
+1 13
+2 5
+1 5
+1 5
+2 4
+1 4
+1 4
+2 4
+80 8
+1 8
+2 1
+4 1
+1 1
+1 1
+8 1
+39 7
+1 7
+1 7
+1 7
+1 7
+7 1
+1 1
+1 1
+1 1
+1 1
+1 1
+1 1
+11 1
+1 1
+2 1
+1 1
+1 1

fl=(48)
fn=(198)
77 2
+1 8

fn=(482)
41 1
+4 4
+1 1
+1 5

fn=(152)
29 2
+2 1
-2 5
+1 1
+1 2
+6 6

fn=(542)
118 1
+1 4

fl=(1) ???
fn=(0) 0x000000000001f540
0 2
cfi=(2)
cfn=(2)
calls=1 517 
0 136512
0 8
cfi=(76)
cfn=(492)
calls=1 331 
0 4
0 10
cfi=(155)
cfn=(496)
calls=1 81 
0 393
0 3
cob=(5)
cfi=(161)
cfn=(522)
calls=1 0 
0 27257255

fl=(142)
fn=(444)
95 8
+1 8
+1 4
+6 20
+1 119
+1 82
+2 12
+5 4

fl=(146)
fn=(460)
74 30
+2 3
-2 6
+4 3
-4 3
+2 3
+2 9
+37 3
-37 9
+1 6
+2 12
+3 25
+2 6
-54 3
+54 3
-54 3
+54 3
-54 9
+1 9
+2 6
+1 6
+12 9
+3 3
+2 6
-2 3
+2 9
cfi=(32)
cfn=(94)
calls=3 +45 
* 209
* 6
+4 6
+1 3
-1 3
+1 18
+1 9
cfi=(32)
cfn=(94)
calls=3 +39 
* 198
* 6
+57 27
-23 6

fl=(70)
fn=(224)
25 4
+1 8
+1 2

fl=(8)
fn=(14)
25 4
+3 4
-3 4
+3 8
+3 12
+1 8
+2 4
-1 4
+3 12
+1 4
+1 8
+7 4
-5 4
-2 4
+3 8
+2 4
+2 8
+5 4

fl=(77)
fn=(262)
207 55
+1 10
+12 4
+4 16
-4 4
+6 12
+3 4
-1 4
+1 8
+22 20
+4 4
+7 6
fi=(6)
81 8
fi=(4)
-2 4
fe=(77)
301 8
fi=(4)
79 8
fe=(77)
301 9833
fi=(4)
79 1
fe=(77)
301 1
fi=(4)
79 2
fe=(77)
301 154
-80 8
fi=(6)
393 8
fe=(77)
190 4
+31 4
-31 4
fi=(6)
393 12
fi=(5)
49 4
fe=(77)
301 4
fi=(5)
50 4
+30 4
-31 8
+4 4
-3 4
+3 4
-3 4
+3 12
+27 8
-31 4
fe=(77)
301 4
fi=(5)
50 4
+30 4
-31 8
+4 4
-3 4
+3 4
-3 4
+3 12
+27 8
fe=(77)
301 24
fi=(5)
51 4
fi=(4)
+28 20
fi=(6)
730 8
+4 6
fe=(77)
304 20
+24 4
+3 8
+17 12
+2 40
-98 8
+3 4
+7 2
-9 2
+9 4
fi=(6)
81 4
fi=(5)
+33 24
+9 14
+1 2
fi=(6)
498 2
fi=(5)
124 2
fi=(6)
498 4
fi=(5)
124 4
fi=(6)
498 4
fi=(5)
124 4
fi=(6)
498 8
+5 12
+1 6
fi=(5)
123 6
fi=(6)
504 6
-5 6
fi=(5)
123 12
+3 24
+3 24
+2 21
fe=(77)
+59 6
fi=(5)
73 3
fe=(77)
190 3
fi=(5)
72 3
fe=(77)
190 27
fi=(5)
-57 6
+1 3
+1 3
-2 3
+2 3
+3 3
-5 3
+2 3
-2 3
+1 6
+2 3
-2 3
+2 9
+2 6
-5 332
+1 166
+1 166
-2 166
+2 166
+3 166
-5 166
+2 166
-2 166
+1 332
+2 166
-2 166
+2 498
+2 332
+9 122
fi=(6)
267 244
+7 244
+4 244
fe=(77)
170 488
fi=(4)
-30 321
fe=(77)
+31 214
+3 214
+8 200
-8 894
+12 198
-3 99
+1 99
+2 398
-3 1
+1 1
+2 104
+1 100
-1 100
+2 200
-1 400
+3 600
cfi=(78)
cfn=(270)
calls=100 772 
* 54928
+3 100
+1 200
-4 100
+4 500
fi=(6)
+93 425
+3 104
-3 327
+3 119
-3 119
+5 240
+25 732
423 24
fi=(5)
150 24
fi=(6)
423 196
fi=(5)
150 326
-19 685
+33 12
+1 64
+1 189
+3 94
+4 47
-1 47
-3 47
+2 94
+2 47
-2 94
fe=(77)
-1 188
fi=(6)
287 47
+3 47
-3 47
+4 94
476 94
+2 47
cfi=(15)
cfn=(462)
calls=1 71 
* 6
cob=(2)
cfi=(139) ./string/../sysdeps/x86_64/multiarch/strncase.c
cfn=(432) strncasecmp
calls=1 31 
* 21
cob=(2)
cfi=(138) ./string/../sysdeps/x86_64/multiarch/mempcpy.c
cfn=(428) mempcpy
calls=1 33 
* 22
cob=(2)
cfi=(137) ./wcsmbs/../sysdeps/x86_64/multiarch/wcpcpy.c
cfn=(424) wcpncpy
calls=1 31 
* 18
cob=(2)
cfi=(136) ./string/../sysdeps/x86_64/multiarch/strspn.c
cfn=(422) strspn
calls=1 29 
* 7
cob=(2)
cfi=(134) ./string/../sysdeps/x86_64/multiarch/memchr.c
cfn=(418) memchr
calls=1 29 
* 23
cob=(2)
cfi=(133) ./string/../sysdeps/x86_64/multiarch/memmove.c
cfn=(414) memmove
calls=1 29 
* 22
cob=(2)
cfi=(132) ./string/../sysdeps/x86_64/multiarch/stpcpy.c
cfn=(410) stpcpy
calls=1 33 
* 17
cob=(2)
cfi=(131) ./debug/../sysdeps/x86_64/multiarch/memmove_chk.c
cfn=(406) __memmove_chk
calls=1 29 
* 22
cob=(2)
cfi=(129) ./wcsmbs/../sysdeps/x86_64/multiarch/wmemcmp.c
cfn=(402) wmemcmp
calls=1 29 
* 24
cob=(2)
cfi=(128) ./string/../sysdeps/x86_64/multiarch/strncpy.c
cfn=(398) strncpy
calls=1 29 
* 19
cob=(2)
cfi=(127) ./string/../sysdeps/x86_64/multiarch/strlen.c
cfn=(394) strlen
calls=1 29 
* 25
cob=(2)
cfi=(100) ./wcsmbs/../sysdeps/x86_64/multiarch/wcscat.c
cfn=(390) wcscat
calls=1 31 
* 18
cob=(2)
cfi=(126) ./string/../sysdeps/x86_64/multiarch/strcasecmp_l.c
cfn=(386) strcasecmp_l
calls=1 31 
* 21
cob=(2)
cfi=(125) ./string/../sysdeps/x86_64/multiarch/strcpy.c
cfn=(382) strcpy
calls=1 29 
* 17
cob=(2)
cfi=(123) ./wcsmbs/../sysdeps/x86_64/multiarch/wmemset.c
cfn=(378) wmemset
calls=2 31 
* 20
cob=(2)
cfi=(121) ./string/../sysdeps/x86_64/multiarch/memcmp.c
cfn=(374) bcmp
calls=1 29 
* 24
cob=(2)
cfi=(120) ./string/../sysdeps/x86_64/multiarch/strchrnul.c
cfn=(370) strchrnul
calls=1 31 
* 25
cob=(2)
cfi=(119) ./string/../sysdeps/x86_64/multiarch/strncase_l.c
cfn=(366) strncasecmp_l
calls=1 31 
* 21
cob=(2)
cfi=(117) ./string/../sysdeps/x86_64/multiarch/strcat.c
cfn=(362) strcat
calls=1 29 
* 17
cob=(2)
cfi=(116) ./wcsmbs/../sysdeps/x86_64/multiarch/wcscpy.c
cfn=(360) wcscpy
calls=1 60 
* 16
cob=(2)
cfi=(115) ./string/../sysdeps/x86_64/multiarch/strcspn.c
cfn=(358) strcspn
calls=1 29 
* 7
cob=(2)
cfi=(113) ./string/../sysdeps/x86_64/multiarch/strcasecmp.c
cfn=(354) strcasecmp
calls=1 31 
* 21
cob=(2)
cfi=(112) ./string/../sysdeps/x86_64/multiarch/strncmp.c
cfn=(352) strncmp
calls=1 67 
* 21
cob=(2)
cfi=(110) ./wcsmbs/../sysdeps/x86_64/multiarch/wmemchr.c
cfn=(348) wmemchr
calls=2 31 
* 46
cob=(2)
cfi=(108) ./string/../sysdeps/x86_64/multiarch/stpncpy.c
cfn=(344) stpncpy
calls=1 31 
* 19
cob=(2)
cfi=(107) ./wcsmbs/../sysdeps/x86_64/multiarch/wcscmp.c
cfn=(340) wcscmp
calls=1 30 
* 25
cob=(2)
cfi=(106) ./string/../sysdeps/x86_64/multiarch/strrchr.c
cfn=(336) rindex
calls=1 28 
* 25
cob=(2)
cfi=(104) ./debug/../sysdeps/x86_64/multiarch/memset_chk.c
cfn=(332) __memset_chk
calls=1 29 
* 24
cob=(2)
cfi=(103) ./string/../sysdeps/x86_64/multiarch/strchr.c
cfn=(330) index
calls=1 65 
* 19
cob=(2)
cfi=(100)
cfn=(324) wcschr
calls=2 31 
* 50
cob=(2)
cfi=(98) ./string/../sysdeps/x86_64/multiarch/memcmpeq.c
cfn=(320) memcpy@@GLIBC_2.14
calls=1 29 
* 22
cob=(2)
cfi=(96) ./wcsmbs/../sysdeps/x86_64/multiarch/wcsncpy.c
cfn=(316) wcsncpy
calls=1 31 
* 18
cob=(2)
cfi=(95) ./string/../sysdeps/x86_64/multiarch/memrchr.c
cfn=(312) memrchr
calls=1 29 
* 25
cob=(2)
cfi=(94) ./debug/../sysdeps/x86_64/multiarch/memcpy_chk.c
cfn=(308) __memcpy_chk
calls=1 29 
* 22
cob=(2)
cfi=(92) ./debug/../sysdeps/x86_64/multiarch/mempcpy_chk.c
cfn=(304) __mempcpy_chk
calls=1 29 
* 22
cob=(2)
cfi=(91) ./wcsmbs/../sysdeps/x86_64/multiarch/wcslen.c
cfn=(300) wcslen
calls=1 29 
* 19
cob=(2)
cfi=(89) ./string/../sysdeps/x86_64/multiarch/memset.c
cfn=(296) memset
calls=1 29 
* 24
cob=(2)
cfi=(87) ./wcsmbs/../sysdeps/x86_64/multiarch/wcsnlen.c
cfn=(292) wcsnlen
calls=1 30 
* 19
cob=(2)
cfi=(86) ./string/../sysdeps/x86_64/multiarch/strcmp.c
cfn=(290) strcmp
calls=1 79 
* 19
cob=(2)
cfi=(85) ./string/../sysdeps/x86_64/multiarch/strpbrk.c
cfn=(288) strpbrk
calls=1 29 
* 7
cob=(2)
cfi=(83) ./string/../sysdeps/x86_64/multiarch/strnlen.c
cfn=(284) strnlen
calls=2 31 
* 50
cob=(2)
cfi=(81) ./string/../sysdeps/x86/cacheinfo.c
cfn=(280) __x86_cacheinfo
calls=1 86 
* 28
fi=(5)
165 47
fi=(6)
479 47
fi=(5)
165 100
-14 90
fi=(6)
400 48
+2 64
+4 16
+9 16
-9 32
+9 16
fi=(5)
150 32
fi=(6)
320 30
+3 30
-36 75
fi=(5)
141 47
+1 47
-1 141
+2 47
fi=(6)
287 235
fe=(77)
175 63
+3 7
-1 7
+19 7
-18 14
fi=(6)
295 2
+1 3
+11 2
+7 1
cob=(2)
cfi=(86)
cfn=(290)
calls=1 79 
* 19
* 4
fe=(77)
+42 20
+3 4
-3 4
+3 4
+4 8
+1 16
cfi=(140)
cfn=(436)
calls=4 117 
* 24
* 8
-63 6
fi=(5)
180 7
fe=(77)
+10 2
fi=(5)
73 1
fe=(77)
190 3
fi=(6)
436 7
fi=(5)
182 2
+1 2
-1 1
+3 1
-3 4
+3 2
-3 10
+1 10
-1 5
+3 5
-3 20
+3 10
+8 6
fi=(6)
+74 12
+7 12
+4 12
fe=(77)
170 24
fi=(4)
-30 18
fe=(77)
+31 12
+3 12
+8 12
-8 54
+12 12
-3 6
+1 6
+2 36
+4 24
-4 6
+4 18
cfi=(78)
cfn=(270)
calls=6 772 
* 2969
+3 6
+1 12
-4 6
+4 30
fi=(6)
+93 20
+3 2
-3 6
+3 2
-3 2
+5 4
+25 36
423 6
fi=(5)
196 18
-16 24
+31 7
fe=(77)
-33 7
-3 21

fl=(32)
fn=(94)
98 191
+33 191
+1 191
+2 191
+1 191
+21 191
+1 191
+1 159
+1 159
+1 152
+1 152
+1 152
+1 152
+17 152
+1 152
+1 152
+1 152
+1 152
+1 152
+1 152
+5 11
+1 33
+9 11
+1 11
+1 11
+1 11
+1 11
+1 11
+1 11
+1 11
-7 39
+1 39
+1 39
+1 39
+1 39
+1 39
+1 39
+1 39
+1 48
+1 20
+1 20
+1 20
+2 20
+1 20
+1 20
+1 20
+1 20
+1 20
-5 28
+1 28
+1 28
+1 28
+1 28
+1 28
+10 2
+1 2
+1 2
+2 2
+6 2
+1 2
+1 2
+1 2
+1 2
+5 2
+52 6
+1 6
+1 6
+1 6
+1 6
+2 6
+1 6
+1 6
+1 6
+1 6
+1 6
+1 6
+1 6
+3 6
+1 6
+1 6
+6 6
+1 6
+1 12
+4 6
+1 6
+3 6
+1 6
+1 6
+2 6
+1 6
+1 6
+4 6
+1 6
+1 6
+1 6
+1 6
+1 6
661 1
+1 1
+1 1
+1 1
+1 1
+2 1
+1 1
+1 1
+1 1
+1 1
+1 1
+1 1
780 2
+1 2
+1 2
+1 2
+1 2
+2 2
+1 2
+1 2
+1 2
+1 2
+1 2
+1 2
899 4
+1 4
+1 4
+1 4
+1 4
+2 4
+1 4
+1 4
+1 4
+1 4
+1 4
+1 4
+1 3
+4 3
+1 3
+1 3
+6 3
+1 3
+1 6
+4 3
+1 3
+3 3
+1 3
+1 3
+2 3
+1 3
+1 3
+4 3
+1 3
+1 3
+1 3
+1 3
+1 3
+7 1
+1 1
+2 1
+1 1
+2 1
+1 1
+1 1
+2 1
+1 1
+1 1
+4 1
+1 1
+1 1
+1 1
+1 1
+1 1
+41 4
+1 4
+1 4
+1 4
+1 4
+2 4
+1 4
+1 4
+1 4
+1 4
+1 4
+1 4
+1 3
+4 3
+1 3
+1 3
+6 3
+1 3
+1 6
+4 3
+1 3
+3 3
+1 3
+1 3
+2 3
+1 3
+1 3
+4 3
+1 3
+1 3
+1 3
+1 3
+1 3
+7 1
+1 1
+2 1
+1 1
+2 1
+1 1
+1 1
+2 1
+1 1
+1 1
+4 1
+1 1
+1 1
+1 1
+1 1
+1 1
+41 4
+1 4
+1 4
+1 4
+1 4
+2 4
+1 4
+1 4
+1 4
+1 4
+1 4
+1 4
+1 1
+4 1
+1 1
+1 1
+6 1
+1 1
+1 2
+4 1
+1 1
+3 1
+1 1
+1 1
+2 1
+1 1
+1 1
+4 1
+1 1
+1 1
+1 1
+1 1
+1 1
+69 4
+1 4
+1 4
+1 4
+1 4
+2 4
+1 4
+1 4
+1 4
+1 4
+1 4
+1 4
1375 6
+1 6
+1 6
+1 6
+1 6
+2 6
+1 6
+1 6
+1 6
+1 6
+1 6
+1 6
+1 2
+4 2
+1 2
+1 2
+6 2
+1 2
+1 4
+4 2
+1 2
+3 2
+1 2
+1 2
+2 2
+1 2
+1 2
+4 2
+1 2
+1 2
+1 2
+1 2
+1 2
+69 4
+1 4
+1 4
+1 4
+1 4
+2 4
+1 4
+1 4
+1 4
+1 4
+1 4
+1 4
+1 3
+4 3
+1 3
+1 3
+6 3
+1 3
+1 6
+4 3
+1 3
+3 3
+1 3
+1 3
+2 3
+1 3
+1 3
+4 3
+1 3
+1 3
+1 3
+1 3
+1 3
+69 1
+1 1
+1 1
+1 1
+1 1
+2 1
+1 1
+1 1
+1 1
+1 1
+1 1
+1 1
+1 1
+4 1
+1 1
+1 1
+6 1
+1 1
+1 2
+4 1
+1 1
+3 1
+1 1
+1 1
+2 1
+1 1
+1 1
+4 1
+1 1
+1 1
+1 1
+1 1
+1 1
+7 1
+1 1
+2 1
+1 1
+2 1
+1 1
+1 1
+2 1
+1 1
+1 1
+4 1
+1 1
+1 1
+1 1
+1 1
+1 1
+41 7
+1 7
+1 7
+1 7
+1 7
+2 7
+1 7
+1 7
+1 7
+1 7
+1 7
+1 7
+1 6
+4 6
+1 6
+1 6
+6 6
+1 6
+1 12
+4 6
+1 6
+3 6
+1 6
+1 6
+2 6
+1 6
+1 6
+4 6
+1 6
+1 6
+1 6
+1 6
+1 6
+7 1
+1 1
+2 1
+1 1
+2 1
+1 1
+1 1
+2 1
+1 1
+1 1
+4 1
+1 1
+1 1
+1 1
+1 1
+1 1
+41 4
+1 4
+1 4
+1 4
+1 4
+2 4
+1 4
+1 4
+1 4
+1 4
+1 4
+1 4
+1 3
+4 3
+1 3
+1 3
+6 3
+1 3
+1 6
+4 3
+1 3
+3 3
+1 3
+1 3
+2 3
+1 3
+1 3
+4 3
+1 3
+1 3
+1 3
+1 3
+1 3
+69 1
+1 1
+1 1
+1 1
+1 1
+2 1
+1 1
+1 1
+1 1
+1 1
+1 1
+1 1
2093 28
+2 28
+1 28
+1 28
+1 28
-3 22
+1 22
+1 22
+1 22
+1 40
+5 20
+6 20
+1 20
+8 20
+1 20
-16 171
+6 171
+1 171
+8 171
+1 171

fn=(244) strncmp
98 1
+27 1
+1 1
+1 1
+1 1
+1 1
+2 1
+1 1
+2 1
+1 1
+21 1
+1 1
+1 1
+1 1
+1 1
+1 1
+1 1
+1 1
+17 1
+1 1
+1 1
+1 1
+1 1
+1 1
+1 1
2104 1
+3 1
+1 1
+2 1
+1 1
+8 1
+1 1

fl=(62)
fn=(194)
25 3
+1 12
+1 3

fl=(73)
fn=(240)
392 7
+4 5
-2 1
+4 24
cfn=(242) _dl_check_map_versions
calls=4 155 
* 3682
-2 4
+2 12
-1 4
-1 8
+5 7

fn=(242)
155 40
+15 12
+2 20
+2 4
+1 4
+2 8
+3 4
-16 4
+20 2
-4 2
-24 2
+28 14
+16 4
36 2
200 2
36 14
+1 5
-1 10
+2 21
cfi=(52)
cfn=(168)
calls=7 +30 
* 664
* 16
208 6
+5 2
fi=(223) ./elf/../sysdeps/generic/_itoa.h
76 6
fe=(73)
213 4
+4 4
+1 4
-1 4
+4 2
-3 2
+3 2
-3 6
-1 8
+1 8
-1 8
+4 4
-3 4
+3 4
-3 27
56 24
+8 18
+6 18
+16 6
+1 12
+2 6
+5 42
+14 114
+12 153
+4 51
-30 102
231 24
+3 18
+5 4
-24 4
110 6
+3 30
cfi=(32)
cfn=(94)
calls=6 -15 
* 196
* 18
224 18
+4 4
+15 6
+14 10
+3 4
+3 14
+3 8
+4 2
-7 8
+3 6
+4 44
-7 176
+3 134
+8 6
+6 6
fi=(28)
44 3
fe=(73)
280 6
fi=(28)
44 3
cfi=(27)
cfn=(74)
calls=3 +36 
* 123
fe=(73)
281 6
-2 3
fi=(28)
44 3
fe=(73)
281 3
+13 3
-3 3
+3 12
+2 6
+3 8
+4 6
+7 6
+1 6
-1 18
+1 6
+1 6
-2 6
+2 12
+1 18
+3 18
+5 4
-15 4
+2 4
-2 4
+2 4
-2 4
+2 8
-2 2
+2 2
-2 2
+2 2
-2 2
+2 4
+16 6
+10 4
+3 4
+4 46
+6 46
+1 46
+1 46
-1 138
+1 46
-1 46
+1 46
+1 46
+3 138
+4 46
-14 96
+10 6
+12 4
+1 4
+1 4
+1 2
+19 36
164 2
-8 2
257 5
+17 3
+60 2
-40 2
+76 4
+2 4
+4 2
-4 120
+1 60
+2 1
+1 2
-1 1
+1 1
cfi=(32)
cfn=(244)
calls=1 98 
* 32
* 2

ob=(2)
fl=(162)
fn=(524)
242 13
+69 3
+1 3
cfi=(163) ./stdlib/./stdlib/cxa_atexit.c
cfn=(526) __cxa_atexit
calls=1 67 
* 72
+25 6
+6 2
-3 2
+10 2
cob=(3)
cfi=(153)
cfn=(540)
calls=1 0 
* 7
+2 2
+8 4
cfi=(164) ./csu/../sysdeps/nptl/libc_start_call_main.h
cfn=(544) (below main)
calls=1 29 
* 27257073
128 2
+6 3
+1 6
cob=(3)
cfi=(153)
cfn=(530)
calls=1 0 
* 7
* 1
+3 1
+1 2
+3 2
+1 2
-1 1
+2 7
+1 4
cob=(5)
cfi=(161)
cfn=(534)
calls=1 0 
* 12
-1 4

fl=(116)
fn=(360)
60 1
-17 2
-1 4
+2 3
+2 2
+4 3
+10 1

fl=(136)
fn=(422)
29 1
fi=(224) ./string/../sysdeps/x86_64/multiarch/ifunc-sse4_2.h
+7 5
fe=(136)
-7 1

fl=(183) ./string/../string/strstr.c
fn=(616) __GI_strstr
77 9
+5 1
-5 3
+5 2
+2 4
cob=(3)
cfi=(153)
cfn=(618)
calls=1 -84 
* 23
* 1
+1 2
+1 2
+75 12

fl=(193)
fn=(662)
32 2251
+4 2251
-1 4502
+3 4502
+3 2251

fl=(208)
fn=(760)
34 8
+14 3
+9 1
fi=(189) ./libio/./libio/libioP.h
1025 3
+1 2
fe=(208)
57 3
cfi=(180) ./libio/./libio/fileops.c
cfn=(778) _IO_file_finish@@GLIBC_2.2.5
calls=1 168 
* 34
+1 3
+13 2
fi=(189)
951 4
+1 4
+6 2
cob=(3)
cfi=(153)
cfn=(774)
calls=1 0 
* 87
fe=(208)
76 7
-27 1
cfi=(179) ./libio/./libio/genops.c
cfn=(762) _IO_un_link
calls=1 +4 
* 104
+2 8
+1 2
+1 2
cfi=(180)
cfn=(766) _IO_file_close_it@@GLIBC_2.2.5
calls=1 +75 
* 287
fi=(189)
979 1
fe=(208)
53 1
fi=(189)
979 3
+1 9
fe=(208)
51 5

fl=(91)
fn=(300)
29 1
fi=(88) ./wcsmbs/../sysdeps/x86_64/multiarch/ifunc-wcslen.h
+12 2
-1 4
+2 3
+3 2
+4 3
+3 3
fe=(91)
-23 1

fl=(127)
fn=(394)
29 1
fi=(84) ./string/../sysdeps/x86_64/multiarch/ifunc-avx2.h
+11 3
-2 4
fe=(127)
-9 2
fi=(84)
+12 2
+1 3
+3 2
+4 3
+3 5
fe=(127)

fl=(192)
fn=(712)
249 6175
+1 6175
+1 30875
+4 6175
+1 6175
+6 6175
+1 6175
+42 6175
+1 6175
+2 5844
+1 5844
+2 2548
+4 2548
+1 210
+1 210
+1 210
+1 210
+1 210
+1 210
+2 210
+2 210
+6 2338
+1 2338
+1 2338
+1 2338
+1 2338
+7 331
+1 331
+1 331
+1 331
+2 331
+17 3296
+1 3296
+1 3296
+1 3296
+1 3296

fn=(656)
255 8629
+1 8629
+6 8629
+1 8629
+2 3986
+1 3986
+1 3986
+3 1487
+1 1487
+1 1487
+3 2974
+30 4643
+1 4643
+2 484
+1 484
+2 426
+4 426
+1 410
+1 410
+1 410
+1 410
+4 410
+2 410
+6 16
+1 16
+1 16
+1 16
+1 16
+7 4159
+1 4159
+1 4159
+1 4159
+2 4159
+17 58
+1 58
+1 58
+1 58
+1 58
+7 1946
+1 1946
+1 1946
+1 1946
+1 1946
+1 1946
+1 3892
+5 2499
+1 2499
+5 2487
+1 2487
+2 2216
+1 2216
+1 2216
+2 270
+1 270
+1 270
+1 270
+1 270
+1 270
+1 270
+1 270
+1 270
+1 270
+1 270
+1 270
+1 270
+1 270
+1 540
+4 271
+1 271
+4 271
+2 271
+4 271
+1 271
+11 271
+3 271
+2 271
+2 271
+4 271
+1 271
+9 257
+1 257
+2 257
+2 257
+1 257
+1 257
+3 257
+2 257
+2 257
+2 514
+6 257
+1 257
+1 257
+1 257
+1 257
+1 257
+1 257
+1 257
+1 257
+1 257
+1 257
+1 257
-11 1564
+1 1564
+1 1564
+1 1564
+1 1564
+1 1564
+1 1564
+1 1564
+1 1564
+1 1564
+1 1564
+1 1564
+2 257
+1 257
+1 257
+1 257
+2 257
+4 514
+13 14
+1 14
+2 14
+1 14
+1 14
+2 14
+2 14
+2 28
+6 14
+1 14
+1 14
+1 14
+1 14
+1 14
+1 14
+1 14
+1 14
+1 14
+1 14
+1 14
-11 29
+1 29
+1 29
+1 29
+1 29
+1 29
+1 29
+1 29
+1 29
+1 29
+1 29
+1 29
+2 14
+1 14
+1 14
+1 14
+2 14
+1 28
+9 12
+7 12
+1 12
+6 1
+3 1
+2 1
+3 1
+1 1
+2 1
+2 24441
+2 1
+2 1
+2 2
+5 12
+1 12
+4 12
+2 12
+3 12
+4 12
+1 12
+4 12
+4 12
+24 11
+2 11
+2 11
+2 11
+3 11
+1 11
+2 335091
+3 11
+2 11
+2 22

fn=(814)
242 40735
+1 40735
+1 40735
+1 40735
+17 40735
+1 40735
+42 40735
+1 40735
+36 40735
+1 40735
+1 40735
+1 40735
+2 40735

fl=(209) ./io/../sysdeps/unix/sysv/linux/close_nocancel.c
fn=(772) __close_nocancel
25 1
+1 4
+1 1

fl=(190) ./io/../sysdeps/unix/sysv/linux/read.c
fn=(648) read
25 31
+1 186
+1 31

fl=(187) ./libio/./libio/filedoalloc.c
fn=(634) _IO_file_doallocate
78 11
+6 4
fi=(189)
1025 3
+1 2
fe=(187)
84 3
cfi=(180)
cfn=(636) _IO_file_stat
calls=1 1147 
* 9
* 2
+2 4
+11 4
+4 2
cob=(3)
cfi=(153)
cfn=(592)
calls=1 0 
* 174
* 1
+1 2
+2 4
cfi=(179)
cfn=(640) _IO_setb
calls=1 329 
* 29
+1 1
+1 9

fl=(211)
fn=(802)
404 1
+1 2
cfn=(804) qsort_r
calls=1 -61 
* 3319643

fn=(804)
344 12
+1 6
+9 1
-1 2
-3 1
+7 2
-1 2
132 1
385 1
140 1
-8 6
385 4
201 1
cfn=(806) msort_with_tmp.part.0
calls=1 -5 
* 3318815
396 2
+1 2
cob=(3)
cfi=(153)
cfn=(774)
calls=1 0 
* 337
+1 11
135 1
-1 2
+6 1
-4 2
360 5
+1 1
cob=(3)
cfi=(153)
cfn=(592)
calls=1 0 
* 416
+1 1
-1 1
+1 1
+1 1
-1 1
+1 3

fn=(806)
196 7
+8 1
-8 1
+8 1
+1 2
-9 1
+11 1
-11 2
+11 1
-11 1
+11 1
-6 4
cfn=(807) msort_with_tmp.part.0'2
calls=1 -5 
* 1430407
* 7
cfn=(807)
calls=1 -5 
* 1613121
+11 2
+1 2
+1 2
+1 1
+1 1
-1 1
+1 6
-10 1
+67 2
+10 622
+2 311
-2 311
cob=(3)
cfi=(153)
cfn=(812)
calls=311 0 
* 4665
* 311
+1 622
-11 7416
+2 16990
cob=(5)
cfi=(168)
cfn=(808)
calls=3398 106 
* 105338
+2 3398
-2 6796
+2 6174
+2 3087
-2 3087
cob=(3)
cfi=(153)
cfn=(812)
calls=3087 0 
* 46305
* 3087
+1 6174
-5 6174
+20 1
-2 2
+2 2
fi=(225) ./stdlib/../string/bits/string_fortified.h
29 1
fe=(211)
293 1
fi=(225)
29 2
fe=(211)
294 7
fi=(225)
29 1
cob=(3)
cfi=(153)
cfn=(654)
calls=1 -29 
* 54354
fe=(211)

fn=(807)
196 43211
+8 6173
-8 6173
+8 6173
+1 12346
-9 6173
+11 6173
-11 12346
+11 6173
-11 6173
+11 6173
-6 16500
cfn=(807)
calls=2077 -5 
* 8208797
* 32816
cfn=(807)
calls=4094 -5 
* 8900035
+11 8188
+1 8188
+1 8188
+1 4094
+1 4094
-1 4094
+1 28722
-10 6173
+67 12346
+10 5264
+2 2632
-2 2632
cob=(3)
cfi=(153)
cfn=(812)
calls=2632 0 
* 39480
* 2632
+1 5264
-11 67926
+2 186685
cob=(5)
cfi=(168)
cfn=(808)
calls=37337 106 
* 1157447
+2 37337
-2 74674
+2 69410
+2 34705
-2 34705
cob=(3)
cfi=(153)
cfn=(812)
calls=34705 0 
* 520575
* 34705
+1 69410
-5 69410
+20 6173
-2 12513
+1 167
fi=(225)
29 334
fe=(211)
292 167
fi=(225)
29 167
cob=(3)
cfi=(153)
cfn=(654)
calls=167 -29 
* 2260
fe=(211)
293 12346
fi=(225)
29 6173
fe=(211)
293 6173
fi=(225)
29 12346
fe=(211)
294 43211
fi=(225)
29 6173
cob=(3)
cfi=(153)
cfn=(654)
calls=6173 -29 
* 242715
fe=(211)
212 2079
+1 2079
-1 2079
+1 2079
+1 4158
+1 2079
+1 2079
-1 2079
+1 8316

fl=(207) ./misc/../sysdeps/unix/sysv/linux/mremap.c
fn=(756) mremap
26 9
+4 3
+7 4
+2 5

fl=(81)
fn=(280)
86 1
fi=(82) ./string/../sysdeps/x86/cacheinfo.h
-27 1
+3 3
+2 1
+1 1
-1 2
+7 3
+2 1
+1 1
-1 2
+5 2
+2 2
+1 2
+1 2
+2 2
+2 2
fe=(81)

fl=(117)
fn=(362)
29 1
fi=(118) ./string/../sysdeps/x86_64/multiarch/ifunc-strcpy.h
+9 2
+1 1
-1 2
+1 2
+3 2
+4 3
+3 3
fe=(117)
-20 1

fl=(195) ./string/./string/strtok_r.c
fn=(668) strtok_r
43 192420
+3 38484
+3 38484
+7 53427
cob=(3)
cfi=(153)
cfn=(670)
calls=17809 -56 
* 3329595
* 17809
+1 35618
+7 50976
cob=(3)
cfi=(153)
cfn=(680)
calls=16992 -64 
* 3520517
* 16992
+1 33984
+7 16992
+1 16992
-14 16992
+16 119761
-23 817
+7 817
+16 5719
-23 1433
+7 1433
+16 10031
-28 33984

fl=(139)
fn=(432)
31 1
fi=(114) ./string/../sysdeps/x86_64/multiarch/ifunc-strcasecmp.h
+6 2
-1 4
fe=(139)
-5 2
fi=(114)
+7 3
+3 2
+4 3
+3 4
fe=(139)

fl=(85)
fn=(288)
29 1
fi=(224)
+7 5
fe=(85)
-7 1

fl=(203)
fn=(706)
52 6176
+13 6176
+1 6176
+1 6176
+3 6176
+2 6176
+1 6176
+3 6175
+1 6175
+8 6175
+1 6175
+1 6175
+5 12350

fl=(180)
fn=(646) _IO_file_read
1131 31
+3 31
-1 31
+1 62
cfi=(190)
cfn=(648)
calls=31 25 
* 248

fn=(630) _IO_file_underflow@@GLIBC_2.2.5
462 31
+4 93
-4 279
+7 62
+6 93
+3 62
+12 60
fi=(189)
1025 31
fe=(180)
506 62
cfi=(179)
cfn=(644) _IO_switch_to_get_mode
calls=31 164 
* 806
+6 31
+5 31
-5 31
fi=(189)
1025 62
fe=(180)
512 31
fi=(189)
1025 31
fe=(180)
512 93
fi=(189)
1026 62
fe=(180)
517 124
cfn=(646)
calls=31 1131 
* 403
+2 62
+16 30
-9 30
+9 60
+2 60
+1 248
-6 1
-10 7
-55 2
+14 3
+5 2
cfi=(179)
cfn=(632) _IO_doallocbuf
calls=1 343 
* 293
+4 4

fn=(636)
1147 1
+1 2
cfi=(188) ./io/../sysdeps/unix/sysv/linux/fstat64.c
cfn=(638) fstat
calls=1 30 
* 6

fn=(778)
168 5
+1 1
-1 1
+1 1
+6 2
+1 3
-1 1
cfi=(179)
cfn=(780) _IO_default_finish
calls=1 601 
* 20

fn=(602) _IO_new_file_init_internal
106 6
+5 1
-1 1
+3 1
cfi=(179)
cfn=(604) _IO_link_in
calls=1 -26 
* 89
+1 1
+1 3

fn=(770) _IO_file_close
1165 1
+3 2
cfi=(209)
cfn=(772)
calls=1 25 
* 6

fn=(766)
128 7
+2 3
+4 2
+3 1
-3 1
-1 2
+6 1
+3 1
-3 1
cfi=(179)
cfn=(768) _IO_unsave_markers
calls=1 937 
* 14
+3 3
fi=(189)
1025 3
+1 2
fe=(180)
142 2
cfn=(770)
calls=1 1165 
* 9
* 1
+3 3
+8 5
cfi=(179)
cfn=(640)
calls=1 329 
* 204
+1 1
+3 1
-3 3
+3 1
cfi=(179)
cfn=(762)
calls=1 53 
* 4
+5 1
-4 1
+1 1
+3 1
-2 1
+3 7

fn=(610) _IO_file_fopen@@GLIBC_2.2.5
213 12
+9 2
+2 6
+23 6
357 12
-76 4
cfn=(612) _IO_file_open
calls=1 -99 
* 95
* 1
+3 2
+3 3
cfi=(183)
cfn=(616)
calls=1 77 
* 59
* 1
+1 2
-74 1
+13 1
+1 2
+19 6

fn=(612)
182 2
+3 1
-3 10
+2 2
+4 1
cfi=(182) ./io/../sysdeps/unix/sysv/linux/open64.c
cfn=(614) open
calls=1 30 
* 36
* 1
+1 2
+3 2
+3 1
-4 1
+1 3
+3 1
-3 1
+3 1
+10 2
cfi=(179)
cfn=(604)
calls=1 87 
* 21
+1 1
+1 6

fl=(152) ./nptl/./nptl/pthread_mutex_conf.c
fn=(474) __pthread_tunables_init
55 2
+1 2
-1 2
+1 2
-1 4
+1 1
cob=(3)
cfi=(153)
cfn=(476)
calls=1 -56 
* 26
+2 4
cob=(3)
cfi=(153)
cfn=(476)
calls=1 -58 
* 25
+2 4
cob=(3)
cfi=(153)
cfn=(476)
calls=1 -60 
* 26
+2 6

fl=(128)
fn=(398)
29 1
fi=(109) ./string/../sysdeps/x86_64/multiarch/ifunc-strncpy.h
+6 5
+1 3
+3 2
+4 3
+3 4
fe=(128)
-17 1

fl=(103)
fn=(330)
65 1
-22 2
+1 1
-2 4
+2 2
+3 2
+4 3
+3 3
+11 1

fl=(89)
fn=(296)
29 1
fi=(90) ./string/../sysdeps/x86_64/multiarch/ifunc-memset.h
+25 5
+3 3
+7 2
+9 2
+2 2
+10 2
+8 2
+3 5
fe=(89)

fl=(104)
fn=(332)
29 1
fi=(105) ./debug/../sysdeps/x86_64/multiarch/ifunc-memset.h
+25 5
+3 3
+7 2
+9 2
+2 2
+10 2
+8 2
+3 5
fe=(104)

fl=(115)
fn=(358)
29 1
fi=(224)
+7 5
fe=(115)
-7 1

fl=(134)
fn=(418)
29 1
fi=(135) ./string/../sysdeps/x86_64/multiarch/ifunc-evex.h
+9 3
-1 4
+2 3
+6 2
-3 2
+9 3
+3 4
fe=(134)
-25 1

fl=(149) ./ctype/./ctype/ctype-info.c
fn=(468) __ctype_init
29 1
+2 7
+2 4
+2 4
+1 1

fl=(164)
fn=(544)
29 4
+15 1
-15 5
+15 1
cfi=(165) ./setjmp/../sysdeps/x86_64/bsd-_setjmp.S
cfn=(546) _setjmp
calls=1 -16 
* 38
* 1
+2 2
+5 2
+1 2
+3 2
+3 6
cob=(5)
cfi=(168)
cfn=(552)
calls=1 +61 
* 27257009

fl=(202)
fn=(702)
40 37050
+1 6175
cob=(3)
cfi=(153)
cfn=(704)
calls=6175 -41 
* 98800
* 6175
+1 12350
cob=(3)
cfi=(153)
cfn=(592)
calls=6175 -42 
* 1147203
+2 12350
fi=(199) ./string/../string/bits/string_fortified.h
-15 18525
fe=(202)
+19 24700
fi=(199)
-19 6175
cob=(3)
cfi=(153)
cfn=(710)
calls=6175 -29 
* 140914
fe=(202)

fl=(159)
fn=(516)
53 1
+1 1
+1 1
+2 1
+1 1
+4 1
+1 1
+1 1
+3 1
+2 1
+1 1
+1 1
+1 1
+3 1
+1 1
+2 1
+1 1
+1 1
+1 1
+1 1
+9 2

fl=(212)
fn=(820)
28 14
+4 1
+1 2
-1 1
+1 1
-1 2
+1 1
-1 2
+1 3
cfi=(213) ./stdio-common/./stdio-common/vfprintf-internal.c
cfn=(822) __vfprintf_internal
calls=1 1522 
* 210

fl=(126)
fn=(386)
31 1
fi=(114)
+6 2
-1 4
fe=(126)
-5 2
fi=(114)
+7 3
+3 2
+4 3
+3 4
fe=(126)

fl=(138)
fn=(428)
33 1
fi=(99) ./string/../sysdeps/x86_64/multiarch/ifunc-memmove.h
+24 3
-1 2
+4 3
+14 2
+3 2
+8 2
+8 2
+3 5
fe=(138)

fl=(83)
fn=(284)
31 2
fi=(84)
+9 6
-2 8
fe=(83)
-7 4
fi=(84)
+10 4
+1 6
+3 4
+4 6
+3 10
fe=(83)

fl=(184)
fn=(620)
53 1
+2 1
+1 1
+1 1
+1 1
+1 1
+3 1
+1 1
+4 1
+1 1
+1 1
+1 1
+1 1
+1 1
+1 1
+1 1
+3 1
+8 1
+8 1
+1 2

fn=(832)
53 1
+2 1
+1 1
+1 1
+1 1
+1 1
+3 1
+1 1
+4 1
+1 1
+1 1
+1 1
+1 1
+1 1
+1 1
+1 1
+13 1
+2 2

fl=(106)
fn=(336)
28 1
fi=(84)
+12 3
-2 4
fe=(106)
-10 2
fi=(84)
+13 2
+1 3
+3 2
+4 3
+3 5
fe=(106)

fl=(113)
fn=(354)
31 1
fi=(114)
+6 2
-1 4
fe=(113)
-5 2
fi=(114)
+7 3
+3 2
+4 3
+3 4
fe=(113)

fl=(129)
fn=(402)
29 1
fi=(130) ./wcsmbs/../sysdeps/x86_64/multiarch/ifunc-memcmp.h
+5 5
+1 2
+1 2
+1 3
+3 2
+4 3
+3 4
fe=(129)
-18 2

fl=(137)
fn=(424)
31 1
fi=(97) ./wcsmbs/../sysdeps/x86_64/multiarch/ifunc-wcs.h
+9 3
-1 4
+2 3
+3 2
+4 4
fi=(226) ./wcsmbs/../sysdeps/x86_64/multiarch/wcpncpy.c
-17 1
fe=(137)

fl=(178)
fn=(590)
85 7
-20 1
+20 2
-20 1
cob=(3)
cfi=(153)
cfn=(592)
calls=1 -65 
* 189
+2 3
+3 1
+2 2
-2 1
+2 5
cfi=(179)
cfn=(598) _IO_no_init
calls=1 563 
* 56
+1 1
+1 1
-1 1
+1 1
cfi=(180)
cfn=(602)
calls=1 +32 
* 102
+1 5
cfi=(180)
cfn=(610)
calls=1 213 
* 215
* 2
-38 2
+50 7

fl=(188)
fn=(638)
30 1
+9 4
+33 1

fl=(215) ./stdio-common/./stdio-common/Xprintf_buffer_write.c
fn=(834) __printf_buffer_write
27 1
+1 3
-1 7
+4 2
+13 6

fl=(191)
fn=(652)
61 2279
+7 2279
+2 2279
+3 2279
+1 2279
+2 2279
+1 2279
+1 2279
+1 2279
+3 2261
+1 2261
+3 2261
+1 2261
+2 2246
+1 2246
+1 553
+1 553
+2 1106
+7 15
+5 15
+7 15
+1 15
+1 3
+1 3
+5 98
+1 98
+1 98
+1 196
+4 12
+1 12
+4 1238
+1 1238
+1 1238
+1 2476
+4 321
+1 321
+1 321
+1 642
+18 1705
+1 1705
+1 1705
+2 1705
+10 1705
+1 1705
+3 1705
+1 1705
+2 1657
+1 1657
+2 1559
+1 1559
+1 1559
+1 1559
+2 321
+1 321
+1 321
+1 321
+64 48
+1 48
+3 47
+1 47
+4 20
+1 20
+3 10
+1 10
+1 10
+1 10
+1 10
+1 3
+1 3
+2 26
+32 1
+2 1
+2 1
+1 1
+1 1
+1 1
+1 2
+3 7
+1 14
+16 22
+4 22
+2 22
+1 44
+21 27
+1 27
+1 27
+1 27
+2 5
+1 5
+3 5
+1 5
+3 5
+1 5
+21 5
+1 5
+1 5
+1 10
+8 18
+3 18
+1 18
+1 18
+3 18
+1 18
+7 18
+3 18
+1 18
+2 18
+1 18
+1 6
+1 6
+1 12

fl=(154) ./nptl/../sysdeps/unix/sysv/linux/x86/elision-conf.c
fn=(478) __lll_elision_init
92 2
+4 1
-4 2
+4 2
-4 1
+4 1
-4 3
+4 1
cob=(3)
cfi=(153)
cfn=(476)
calls=1 -96 
* 26
+2 4
cob=(3)
cfi=(153)
cfn=(476)
calls=1 -98 
* 26
+2 4
cob=(3)
cfi=(153)
cfn=(476)
calls=1 0 
* 26
+2 4
cob=(3)
cfi=(153)
cfn=(476)
calls=1 0 
* 26
+2 4
cob=(3)
cfi=(153)
cfn=(476)
calls=1 0 
* 26
+3 3
+1 1
+1 6

fl=(92)
fn=(304)
29 1
fi=(93) ./debug/../sysdeps/x86_64/multiarch/ifunc-memmove.h
+28 3
-1 2
+4 3
+14 2
+3 2
+8 2
+8 2
+3 5
fe=(92)

fl=(150) ./resource/../sysdeps/unix/sysv/linux/getrlimit64.c
fn=(470) getrlimit
38 2
+1 7
+1 1

fl=(163)
fn=(526)
67 7
-26 2
+2 8
+1 2
cfn=(528) __new_exitfn
calls=1 +36 
* 33
+2 2
+8 1
-2 1
+3 1
+1 1
-4 2
+1 1
+4 4
+1 1
+11 6

fn=(528)
80 1
+6 2
-6 4
+11 2
-10 1
+10 4
+2 4
-2 1
+10 1
-10 3
+45 1
+5 3
-4 1
+4 2
-18 1
-1 1
+12 1

fl=(214) ./stdio-common/./stdio-common/printf_buffer_to_file.c
fn=(824) __printf_buffer_to_file_init
108 1
+1 1
fi=(227) ./stdio-common/../include/printf_buffer.h
+18 1
fe=(214)
-18 1
fi=(227)
+28 1
-9 1
+9 1
-13 1
fe=(214)
-13 1
fi=(227)
+13 1
fe=(214)
-12 1
cfn=(826) __printf_buffer_to_file_switch
calls=1 -83 
* 13

fn=(826)
29 1
+1 5
+10 1
+1 1
+3 4
+1 1

fl=(148)
fn=(466)
33 9
+2 1
cfi=(149)
cfn=(468)
calls=1 -6 
* 17
+3 1
fi=(151) ./elf/../sysdeps/nptl/pthread_early_init.h
-5 2
fe=(148)
+8 1
-3 1
+3 1
fi=(151)
-8 1
cfi=(150)
cfn=(470)
calls=1 +5 
* 10
* 3
+1 1
+4 5
+7 1
fi=(228) ./elf/../nptl/nptl-stack.h
+16 3
fi=(151)
-16 1
fi=(228)
+16 2
fi=(151)
-7 1
fi=(228)
+7 3
fi=(151)
-9 1
-6 1
+2 2
+4 4
+1 1
+3 1
cfi=(152)
cfn=(474)
calls=1 -1 
* 104
fe=(148)
-9 3
+2 2
-2 1
cfi=(154)
cfn=(478)
calls=1 +45 
* 169

fl=(157)
fn=(510)
46 6
+5 2
+4 5
+8 1
-2 1
+10 1
-9 1
+1 1
+9 3
-1 1
cfi=(158) ./misc/./misc/init-misc.c
cfn=(512) __init_misc
calls=1 -41 
* 50

fl=(160)
fn=(518)
545 1
+1 4
+1 3
+1 3
+2 1

fl=(107)
fn=(340)
30 1
fi=(101) ./wcsmbs/../sysdeps/x86_64/multiarch/ifunc-avx2.h
+10 3
-2 4
fe=(107)
-8 2
fi=(101)
+11 2
+1 3
+3 2
+4 3
+3 5
fe=(107)

fl=(165)
fn=(546)
28 1
+2 1
+2 1
cfi=(166) ./setjmp/../sysdeps/x86_64/setjmp.S
cfn=(548) __sigsetjmp
calls=1 -1 
* 35

fl=(177)
fn=(584)
158 1
+1 2
+5 1
+1 1
+1 1
+1 1
+1 1
+69 1
+1 1
+6 1
+1 1
+12 1
+3 1
+1 1
+12 1
+1 1
+13 1
+1 1
+2 1
+3 1
+3 1
+3 1
+1 1
+1 1
+1 1
+1 1
+1 1
+1 1
-6 1
+1 1
+1 1
+1 1
+1 1
+1 1
+1 2
+3 1
+1 1
+1 1
+1 1
+3 2

fl=(131)
fn=(406)
29 1
fi=(93)
+28 3
-1 2
+4 3
+14 2
+3 2
+8 2
+8 2
+3 5
fe=(131)

fl=(196)
fn=(672)
63 17809
+1 35618
+8 53427
fi=(197) /usr/lib/gcc/x86_64-linux-gnu/13/include/emmintrin.h
1341 53427
+98 17809
fe=(196)
99 35618
+4 35618
-28 17809
fi=(197)
1341 17809
fe=(196)
75 17809
fi=(197)
1341 35618
+98 17809
fe=(196)
80 17809
+1 35618
+23 17809
cfi=(198) ./string/../string/strspn.c
cfn=(676) __strspn_generic
calls=17809 -73 
* 2866561

fl=(119)
fn=(366)
31 1
fi=(114)
+6 2
-1 4
fe=(119)
-5 2
fi=(114)
+7 3
+3 2
+4 3
+3 4
fe=(119)

fl=(194)
fn=(666)
32 19242
+2 38484
cfi=(195)
cfn=(668)
calls=19242 +9 
* 7553277

fl=(198)
fn=(676)
31 124663
+1 53427
+2 35618
fi=(199)
+25 320562
fe=(198)
-11 17809
+5 53427
+1 53427
-1 1015113
+1 1015113
+3 53427
+1 11684
+1 2068
+1 568
+2 420
+5 140
+2 140
-3 140
+2 140
+2 140
-3 140
+2 140
+2 840
-4 214
+2 214
-3 214
+2 214
+2 214
-3 214
+2 214
+2 1284
+2 140
+1 324
-37 14888
+38 89045
-1 236

fl=(112)
fn=(352)
67 1
-23 2
-1 4
+24 2
-22 3
+3 2
+4 3
+3 4

fl=(86)
fn=(290)
79 2
-31 4
+1 2
-2 8
+2 4
+3 4
+4 6
+3 6
+20 2

fl=(121)
fn=(374)
29 1
fi=(122) ./string/../sysdeps/x86_64/multiarch/ifunc-memcmp.h
+5 5
+1 2
+1 2
+1 3
+3 2
+4 3
+3 4
fe=(121)
-18 2

fl=(158)
fn=(512)
30 1
+1 2
-1 4
+1 4
+2 3
cob=(3)
cfi=(153)
cfn=(514)
calls=1 -33 
* 24
+4 5
+1 3
+2 4

fl=(179)
fn=(600) _IO_old_init
531 1
+3 1
-2 1
+2 1
+5 1
-7 1
+2 1
+10 1
-10 1
+16 1
-11 1
-5 1
+16 1
-16 1
+21 1
-16 5
+16 2
+1 2
+2 1

fn=(604)
87 14
+1 10
+18 18
-16 1
+2 3
-2 1
+2 4
cfi=(181) ./nptl/./nptl/libc-cleanup.c
cfn=(606) __libc_cleanup_push_defer
calls=1 -68 
* 13
+1 7
+10 2
cfi=(181)
cfn=(608) __libc_cleanup_pop_restore
calls=1 -49 
* 9
+3 1
-11 5
+2 1
-2 1
+3 1
-3 1
+2 1
+3 4
+2 1
-2 1
+1 1
+1 5
-9 2
+1 1
+1 2

fn=(780)
601 6
+2 3
+6 3
+3 3
54 2
624 3

fn=(640)
329 22
+1 10
+5 4
-3 2
+3 4
-2 2
+2 4
+3 12
-7 1
cob=(3)
cfi=(153)
cfn=(774)
calls=1 0 
* 170
+4 2

fn=(628) __underflow
269 155
+1 31
-1 31
+1 63
+5 93
+3 31
173 31
278 62
+2 62
+6 62
+7 31
fi=(189)
1025 93
+1 62
fe=(179)
293 62
+1 93
-1 31
cfi=(180)
cfn=(630)
calls=31 462 
* 3280
-23 60
+21 93

fn=(762)
53 2
+1 4
+28 2
cfn=(764) __GI__IO_un_link.part.0
calls=1 -30 
* 100

fn=(764)
52 4
+6 1
-6 2
+6 1
-6 4
+6 4
cfi=(181)
cfn=(606)
calls=1 -34 
* 13
+1 7
+2 1
-1 1
+1 10
+4 2
+9 2
+2 6
+3 2
cfi=(181)
cfn=(608)
calls=1 -25 
* 9
+3 9
-19 1
-2 2
+2 2
+13 3
+2 1
-2 1
+1 1
+1 5
-12 3
-7 3

fn=(598)
563 11
+1 1
cfn=(600)
calls=1 -33 
* 25
+1 1
+1 2
+2 1
+4 1
+7 1
+2 1
-9 5
+15 1
+1 6

fn=(632)
343 1
+1 2
-1 7
+3 3
+1 1
fi=(189)
1025 3
+1 2
fe=(179)
347 2
cfi=(187)
cfn=(634)
calls=1 78 
* 264
* 2
+3 6

fn=(768)
937 6
+2 2
+5 3
+2 3

fn=(644)
164 186
+1 93
+3 93
+4 62
+1 62
+7 31
-4 31
+4 31
-2 62
+3 31
+1 124

fl=(170)
fn=(738) _int_free
4495 15841
+4 6789
+6 9052
+1 4526
+4 11315
+8 9052
-1 4526
+1 4526
+29 2254
-20 2254
-6 2254
+6 4508
+20 9016
1792 9
4561 18
+97 13524
-21 18
+3 18
+18 9
-12 9
+12 36
-12 9
cfn=(744) _int_free_merge_chunk
calls=9 +19 
* 1025
3163 2254
+4 2254
-4 2254
+2 9016
+1 2254
+1 2254
4550 2254

fn=(742) _int_realloc
4914 72
+11 36
+1 45
+1 36
+6 18
+2 18
+1 27
+2 36
+3 18
+89 81
-79 18
+12 18
+12 36
cfn=(570) _int_malloc
calls=9 3846 
* 1512
* 9
+1 18
+9 9
-6 9
+1 9
+5 18
+8 9
-1 9
fi=(176) ./malloc/../string/bits/string_fortified.h
29 9
fe=(170)
4993 54
fi=(176)
29 9
cob=(3)
cfi=(153)
cfn=(654)
calls=9 -29 
* 185655
fe=(170)
4997 36
cfn=(738)
calls=9 4495 
* 1079
+2 9

fn=(816) systrim.constprop.0
2957 6
+9 3
+2 1
+1 2
+5 1
+1 1
-1 2
+4 5
+2 2
+40 6
-33 2
cfi=(173) ./malloc/./malloc/morecore.c
cfn=(572) __glibc_morecore
calls=1 25 
* 33
* 1
+1 4
+12 3
cfi=(173)
cfn=(572)
calls=1 25 
* 51
+1 2
cfi=(173)
cfn=(572)
calls=1 25 
* 33
+2 1
+2 2
+4 2
+4 2
-1 1
+1 2
+2 2

fn=(578) alloc_perturb
1985 37050
+2 12350

fn=(594)
3294 67432
+7 16858
1326 16858
+19 38923
3311 10414
+2 33716
+3 16858
+10 12358
+28 37074
-36 25281
3178 4500
+4 4500
+4 2250
+4 2250
-4 6750
+4 2250
+1 2250
3354 13500
-26 24716
cfn=(570)
calls=6179 3846 
* 855075
+1 30895
fi=(171) ./malloc/./malloc/arena.c
153 12358
fe=(170)

fn=(558)
3699 12356
+10 6178
-10 43246
+10 49424
+8 12356
+3 18534
+2 12356
+34 30890
fi=(171)
153 12356
fe=(170)
3732 6178
+1 6178
+21 12356
-21 12356
+21 6178
cfn=(570)
calls=6178 +92 
* 863077
+2 12356
+81 49416
-41 6178
-12 6178
+12 12356
+3 30890
+8 6178
+2 12356
+2 12356
+5 6177
+2 6177
-2 6177
+3 12354
+2 3
+2 6
fi=(171)
264 1
cfn=(562) ptmalloc_init.part.0
calls=1 -2 
* 1151
* 1
fe=(170)
3756 18534
+3 18534
+78 1
fi=(176)
59 2
fe=(170)
3837 6
fi=(176)
59 1
cob=(3)
cfi=(153)
cfn=(582)
calls=1 -59 
* 45
fe=(170)
3248 4
cfn=(568) tcache_init.part.0
calls=1 -6 
* 473
* 1

fn=(748) unlink_chunk.isra.0
1608 15
+2 45
-2 15
+2 30
+3 15
+1 30
+2 60
-3 15
+6 15
+1 15
+1 54
+2 16
+1 24
+3 16
+14 8
+1 8
+3 30

fn=(570)
3846 136037
1326 24734
+19 70980
3887 18290
1794 9145
3914 18290
+65 18262
-63 36524
+3 9131
+2 18262
+56 28
+62 147
+1 30
+20 12367
-1 12367
-1 12367
+1 24734
+1 24734
-2 24732
+12 61835
-1 12176
+4 12176
+1 6088
+2 12176
+1 18264
+2 6088
+1 24352
+2 24352
-10 6088
+12 12176
+1 12176
+2 12176
+11 24352
+29 9
+1 9
+4 18
+29 18
+8 79
+1 3
+1 3
-1 3
+4 6
-4 6
+1 6
-1 6
+4 12
3887 6444
+27 6444
+66 12357
+2 12357
-2 12357
+2 24714
-68 9666
1345 3222
3919 6444
+2 6444
+9 37059
4134 2
+1 2
-1 2
+1 4
-14 2
+19 4
+1 12
4487 148404
4163 14
+1 21
+1 7
-1 7
+57 14
+9 7
-9 14
+9 7
-9 21
+1 7
+1 7
+1 7
+1 7
+6 14
-10 18
+9 9
-9 18
+9 9
-9 27
+1 9
+1 9
+1 9
+1 9
+6 18
4070 48
4246 32
+11 18885
+2 30
+3 10
-3 10
+3 20
+1 6295
+71 18885
-4 6295
+1 6295
+1 6295
-1 6295
+1 6295
+1 12590
+1 18885
+5 25222
+16 271
+2 542
-4 600
+8 29
+3 58
+2 14
+1 14
+1 14
-2 56
-27 14
-99 64
3163 2
+4 2
-4 2
+2 16
+1 4
+1 2
4070 4
+29 12174
+2 6079
-1 12158
+27 9
+1 9
+4 18
+29 16
+8 10
+49 9
-48 9
+48 27
4343 18885
+3 25124
-3 18843
+3 25112
-3 18822
+3 25088
-3 12522
4443 6280
+1 12560
+2 12560
+3 18840
+17 20
4070 4
-91 24
4169 48
4343 15
+5 60
+1 30
+24 60
+3 30
+2 15
+3 30
-3 30
+3 15
cfn=(748)
calls=15 1608 
* 411
+3 60
+15 20
-5 10
+5 20
+1 20
+3 10
+1 10
+1 10
+3 20
+1 10
+1 20
+2 16
+3 64
+2 24
+1 8
1985 8
4421 8
1985 16
4415 16
+2 6
+1 2
1985 2
4421 2
1985 9
4421 5
1985 10
4387 5
-1 5
+1 10
4070 2
3199 2
-21 2
+4 4
+8 2
-4 8
+4 2
+1 4
4248 2
4105 6070
-1 6070
+3 6070
-1 6070
+1 12140
+1 18210
+1 12140
+2 11710
+4 5855
+6 5855
-6 5855
+7 5855
-7 35130
+2 17565
+5 5855
-4 5855
+4 5855
cfn=(578)
calls=5855 1985 
* 23420
-7 215
+6 215
-6 215
+7 215
-7 1290
+2 645
+5 215
-4 215
+4 215
cfn=(578)
calls=215 1985 
* 860
+1 6070
2552 5
+12 5
-12 25
+12 5
+1 3
+3 4
+8 5
cfn=(750) sysmalloc_mmap.isra.0
calls=1 2400 
* 148
* 1
+1 2
4482 2
-22 18840
cfn=(578)
calls=6280 1985 
* 25120
+1 6280
-9 12550
+2 12550
-1 6275
+1 6275
-3 6275
+3 6275
+2 6275
-2 25100
+2 6275
+3 12550
2553 4
+36 12
+1 4
-1 4
+1 4
+9 34
+6 9
+3 12
2921 12
+1 4
+4 4
+4 20
+5 4
-2 4
+5 4
-3 8
-3 4
+2 4
+1 4
+1 4
-1 12
+1 4
4482 4
2669 12
+8 8
+1 12
+13 4
+2 4
-2 8
+8 20
+8 8
+48 4
+40 3
+19 2
+3 2
+1 6
+2 1
+1 5
cfi=(173)
cfn=(572)
calls=1 25 
* 33
+12 4
-12 1
+12 1
2008 4
3882 1
2873 1
+3 1
-1 1
+1 4
+12 1
-11 1
+11 2
2783 1
-1 2
2017 2
2745 1
+1 1
+6 3
-6 1
+6 3
-6 3
+6 9
-6 3
+6 15
+1 18
-44 12
cfi=(173)
cfn=(572)
calls=4 25 
* 211
+1 8
-1 4
+1 4
2008 4
2711 4
2008 12
2712 4
+3 8
+29 24

fn=(750)
2400 5
+13 3
-13 1
+18 2
+3 9
cfi=(205) ./misc/../sysdeps/unix/sysv/linux/mmap64.c
cfn=(752) mmap
calls=1 47 
* 26
* 1
+3 2
+4 2
2008 4
2432 4
cfi=(206) ./misc/../sysdeps/unix/sysv/linux/setvmaname.c
cfn=(754) __set_vma_name
calls=1 33 
* 59
+16 3
+19 1
-1 1
+5 1
-4 2
+4 2
+1 5
+3 3
+1 5
+5 7

fn=(568)
3242 4
+9 8
+1 3
cfn=(570)
calls=1 3846 
* 359
+1 2
+8 4
+9 1
fi=(176)
59 2
fe=(170)
3270 1
fi=(176)
59 86
fe=(170)
3274 3

fn=(724)
3407 67925
+6 12350
+4 12350
+7 12350
5241 6175
3433 6175
5242 18525
-1 12350
+2 4100
3489 6166
+49 55575
5244 2050
3441 4100
+2 2041
+1 4082
+12 27
fi=(171)
153 27
fe=(170)
3464 40
+1 20
1326 20
+19 60
3475 20
+31 18
-65 8250
+2 8248
+1 8248
+1 6237
+8 2
+55 54
cfn=(742)
calls=9 4914 
* 188912
* 9
+1 45
fi=(171)
153 32
fe=(170)
3509 16
3056 1
+1 1
+6 1
-5 1
-2 1
+7 1
+2 1
+1 3
+1 1
-1 2
+1 5
+4 9
+3 2
+3 6
cfi=(207)
cfn=(756)
calls=1 26 
* 21
+3 3
-3 1
+3 1
2008 6
3085 1
+2 3
+2 2
+1 1
+3 1
-3 3
+3 3
+2 5

fn=(734)
3359 2254
+4 4508
-4 6762
+14 2254
-14 6762
+12 2254
+4 2254
-4 2254
+4 4508
+17 6762
fi=(171)
153 6762
fe=(170)
3398 6762
cfn=(738)
calls=2254 4495 
* 122049
+3 2254
+1 13524

fn=(744)
4665 45
+1 9
-1 27
+5 54
+3 18
+5 27
+3 18
+1 18
+1 18
1992 27
4689 18
+25 18
+6 16
+4 8
+9 8
-1 8
+1 24
+1 16
+2 8
+2 16
+5 8
+1 8
+2 24
+1 8
-45 8
-1 16
+1 48
-1 8
cfn=(746) _int_free_maybe_consolidate
calls=8 +69 
* 204
+1 1
-1 2
+1 6
-1 1
cfn=(746)
calls=1 +69 
* 207
+39 24
+16 1
+1 3
+1 2
-83 27
-2 18

fn=(746)
4770 99
+6 18
+22 88
-20 8
+3 6
+3 10
+1 4
+13 7
-13 1
cfn=(816)
calls=1 2957 
* 170

fl=(185)
fn=(624)
27 4502
+1 4502
cfi=(186) ./libio/./libio/iogetdelim.c
cfn=(626) getdelim
calls=2251 +13 
* 469993

fl=(204)
fn=(730)
206 50496
+43 50496
+25 50496
+1 50496
+1 50496
+2 50496
+1 50496
+4 49003
+4 49003
+2 49003
+2 49003
+3 49003
+9 49003
+1 49003
+4 49003
+10 49003
+1 49003
+3 49003
+4 98006
953 9031
+1 9031
+3 8811
+1 8811
+1 8811
+1 8811
+2 8811
+3 8811
+1 8811
+4 8618
+1 8618
+9 1443
+4 1443
+1 2786
+8 1343
+1 1343
+1 1343
+1 1343
+1 1343
+1 1343
+2 1343
-7 40
+1 40
+1 40
+1 40
+1 40
+1 40
+2 40
+35 1493
+1 1493
+11 1493
+1 1493
+3 1493
+1 1493
+1 1493
+3 2986
+20 193
+1 193
+3 50
+1 50
+1 50
+1 50
+6 50
+2 50
+3 50
+1 50
+5 110
+1 110
+2 110
+1 110
+1 110
+1 110
+1 110
+1 110
+1 110

fl=(206)
fn=(754)
33 7
+2 5
+14 12
-9 4
cob=(3)
cfi=(153)
cfn=(476)
calls=1 -40 
* 26
* 3
+7 1
+1 1

fl=(94)
fn=(308)
29 1
fi=(93)
+28 3
-1 2
+4 3
+14 2
+3 2
+8 2
+8 2
+3 5
fe=(94)

fl=(174) ./misc/./misc/sbrk.c
fn=(574) sbrk
37 64
+3 8
+3 8
-3 8
+3 8
+35 21
-20 16
+4 16
+4 17
+2 2
-2 3
+8 1
cfi=(175) ./misc/../sysdeps/unix/sysv/linux/brk.c
cfn=(576) brk
calls=1 -38 
* 9
* 4
cfi=(175)
cfn=(576)
calls=4 -38 
* 36
* 10
+4 35
-19 2
cfi=(175)
cfn=(576)
calls=1 -23 
* 9
* 2
+4 2

fl=(100)
fn=(390)
31 1
fi=(97)
+9 3
-1 4
+2 3
+3 2
+4 4
fe=(100)
-17 1

fn=(324)
31 2
fi=(101)
+9 6
-2 8
fi=(102) ./wcsmbs/../sysdeps/x86_64/multiarch/wcschr.c
-7 4
fi=(101)
+10 4
+1 6
+3 4
+4 6
+3 10
fe=(100)

fl=(108)
fn=(344)
31 1
fi=(109)
+4 5
+1 3
+3 2
+4 3
+3 4
fe=(108)
-15 1

fl=(132)
fn=(410)
33 1
fi=(118)
+5 2
+1 1
-1 2
+1 2
+3 2
+4 3
+3 3
fe=(132)
-16 1

fl=(123)
fn=(378)
31 2
fi=(124) ./wcsmbs/../sysdeps/x86_64/multiarch/ifunc-wmemset.h
+5 10
+1 6
fe=(123)
-6 2

fl=(120)
fn=(370)
31 1
fi=(84)
+9 3
-2 4
fe=(120)
-7 2
fi=(84)
+10 2
+1 3
+3 2
+4 3
+3 5
fe=(120)

fl=(167) ./setjmp/./setjmp/sigjmp.c
fn=(550) __sigjmp_save
28 6
+2 2
-1 1
+5 4

fl=(186)
fn=(626)
41 22510
+6 2251
-6 6753
+6 18008
+7 9004
+8 6753
+12 6753
+1 4502
-34 4500
+60 2279
+6 2279
-7 4558
+1 2279
+6 2279
-6 4558
+16 2279
fi=(229) ./libio/../string/bits/string_fortified.h
-88 9116
cob=(3)
cfi=(153)
cfn=(654)
calls=2279 -29 
* 47688
fe=(186)
+91 2279
-2 2279
+2 4616
cfi=(179)
cfn=(628)
calls=29 269 
* 3857
* 58
+2 58
-3 29
+3 29
-33 116
cob=(3)
cfi=(153)
cfn=(650)
calls=29 -89 
* 824
* 9000
cob=(3)
cfi=(153)
cfn=(650)
calls=2250 -89 
* 73678
* 2279
+2 9116
+1 9116
fi=(189)
979 4502
+1 20259
fe=(186)
130 20259
-66 2251
+1 2251
-1 2251
+1 2251
cob=(3)
cfi=(153)
cfn=(592)
calls=2251 -65 
* 105942
* 4502
+1 4502
-19 9004
+1 4502
+76 6750
fi=(189)
979 4500
fe=(186)
77 4
cfi=(179)
cfn=(628)
calls=2 269 
* 569
* 4
+5 4
fi=(189)
979 1
fe=(186)
50 2

fl=(95)
fn=(312)
29 1
fi=(84)
+11 3
-2 4
fe=(95)
-9 2
fi=(84)
+12 2
+1 3
+3 2
+4 3
+3 5
fe=(95)

fl=(201) ./string/../string/strcspn.c
fn=(686) __strcspn_generic
32 152928
+1 50976
+1 33984
fi=(199)
+25 305856
fe=(201)
-12 50976
+1 33984
-1 1019520
+1 679680
+3 67968
+1 67968
+1 64004
+1 57216
+2 33327
+6 11109
-1 11109
+1 11109
+2 22218
-1 22218
+2 11109
+2 66654
-5 9729
-1 9729
+1 9729
+2 19458
-1 19458
+2 9729
+2 58374
+2 11109
+1 39033
+1 101952
-1 16512

fl=(133)
fn=(414)
29 1
fi=(99)
+28 3
-1 2
+4 3
+14 2
+3 2
+8 2
+8 2
+3 5
fe=(133)

fl=(205)
fn=(752)
47 1
+3 2
-3 6
+6 2
+5 6
+2 4
-7 5

fl=(166)
fn=(548)
31 1
+2 1
+9 1
+1 2
+1 1
+4 1
+1 1
+1 1
+1 1
+1 1
+2 2
+2 1
+1 1
+1 1
+2 2
+2 1
+5 1
+1 1
+17 1
cfi=(167)
cfn=(550)
calls=1 -57 
* 13

fl=(181)
fn=(606)
24 2
+1 2
+2 4
+2 4
+3 4
+14 6
+2 2
+1 2

fn=(608)
54 2
+1 2
+2 4
+2 2
+1 6
+11 2

fl=(200)
fn=(682)
87 16992
+1 33984
+8 50976
fi=(197)
1341 50976
+98 16992
fe=(200)
122 33984
+4 33984
-27 16992
fi=(197)
1341 16992
fe=(200)
99 16992
fi=(197)
1341 33984
+98 16992
fe=(200)
104 16992
+1 33984
+22 16992
cfi=(201)
cfn=(686)
calls=16992 -95 
* 3078725

fl=(171)
fn=(562)
262 1
fi=(172) ./malloc/../sysdeps/unix/sysv/linux/not-cancel.h
97 3
fe=(171)
262 7
+5 1
fi=(172)
97 3
fi=(170)
3143 2
fe=(171)
292 2
+4 3
fi=(170)
1946 4
+3 1
-3 1
+3 2
-3 2
+3 126
-3 126
+3 252
-3 252
+11 1
fe=(171)
300 3
fi=(170)
1958 1
+2 1
fe=(171)
300 1
cob=(3)
cfi=(153)
cfn=(476)
calls=1 0 
* 25
+1 4
cob=(3)
cfi=(153)
cfn=(476)
calls=1 0 
* 26
+1 4
cob=(3)
cfi=(153)
cfn=(476)
calls=1 0 
* 25
+1 4
cob=(3)
cfi=(153)
cfn=(476)
calls=1 0 
* 25
+1 4
cob=(3)
cfi=(153)
cfn=(476)
calls=1 0 
* 26
+1 4
cob=(3)
cfi=(153)
cfn=(476)
calls=1 0 
* 25
+1 4
cob=(3)
cfi=(153)
cfn=(476)
calls=1 0 
* 25
+2 4
cob=(3)
cfi=(153)
cfn=(476)
calls=1 0 
* 25
+1 4
cob=(3)
cfi=(153)
cfn=(476)
calls=1 0 
* 25
+1 4
cob=(3)
cfi=(153)
cfn=(476)
calls=1 0 
* 25
+3 4
cob=(3)
cfi=(153)
cfn=(476)
calls=1 0 
* 25
+1 4
cob=(3)
cfi=(153)
cfn=(476)
calls=1 0 
* 25
+2 2
+10 8

fl=(87)
fn=(292)
30 1
fi=(88)
+11 2
-1 4
+2 3
+3 2
+4 3
+3 3
fe=(87)
-22 1

fl=(173)
fn=(572)
25 8
+1 16
-1 16
+4 8
cfi=(174)
cfn=(574)
calls=8 +8 
* 281
+1 16
+4 16

fl=(98)
fn=(320)
29 1
fi=(99)
+28 3
-1 2
+4 3
+14 2
+3 2
+8 2
+8 2
+3 5
fe=(98)

fl=(213)
fn=(828) __printf_buffer
600 12
fi=(230) ./stdio-common/./stdio-common/printf-parse.h
82 1
fe=(213)
600 2
fi=(230)
82 1
fe=(213)
600 1
+27 3
+11 1
-11 1
+11 1
-11 1
+11 2
fi=(230)
82 1
cob=(3)
cfi=(153)
cfn=(830)
calls=1 -82 
* 21
fe=(213)
653 2
+1 1
fi=(230)
82 2
fe=(213)
654 1
-1 1
cfi=(215)
cfn=(834)
calls=1 27 
* 19
+2 3
+4 2
+4 8
-32 1
973 1
642 1
973 2
634 1
+71 6
-13 1
+7 1
+6 2
-14 1
-4 1
+18 1
-10 1
+10 1
-7 1
-4 1
+11 2
-19 1
-1 1
+20 1
-12 1
-9 1
-1 1
+22 1
-15 2
fi=(216) ./stdio-common/./stdio-common/vfprintf-process-arg.c
491 1
-88 8
+19 2
-14 2
+14 4
+8 2
+5 2
cob=(3)
cfi=(153)
cfn=(704)
calls=1 0 
* 9
fe=(213)

fn=(822)
1522 13
+3 6
+4 5
+11 2
+3 4
cfi=(214)
cfn=(824)
calls=1 108 
* 24
+1 5
cfn=(828)
calls=1 600 
* 151

fl=(175)
fn=(576)
36 6
fi=(231) ./misc/../sysdeps/unix/sysv/linux/brk_call.h
-12 12
fe=(175)
+13 12
+1 12
+6 6
+1 6

fl=(96)
fn=(316)
31 1
fi=(97)
+9 3
-1 4
+2 3
+3 2
+4 4
fe=(96)
-17 1

fl=(110)
fn=(348)
31 2
fi=(111) ./wcsmbs/../sysdeps/x86_64/multiarch/ifunc-evex.h
+7 6
-1 8
+2 6
+6 4
-3 4
+9 6
+3 8
fe=(110)
-23 2

fl=(182)
fn=(614)
30 2
+3 1
-3 10
+3 6
+8 9
+2 8

fl=(125)
fn=(382)
29 1
fi=(118)
+9 2
+1 1
-1 2
+1 2
+3 2
+4 3
+3 3
fe=(125)
-20 1

totals: 27394187
