# callgrind format
version: 1
creator: callgrind-3.22.0
pid: 305919
cmd:  ./freq_count 1k-long-words.txt
part: 1


desc: I1 cache: 
desc: D1 cache: 
desc: LL cache: 

desc: Timerange: Basic block 0 - 497452
desc: Trigger: Program termination

positions: line
events: Ir
summary: 4608811


ob=(5) /mnt/c/Users/elvin/ioopm/inluppar/inlupp1/freq_count
fl=(207) /mnt/c/Users/elvin/ioopm/inluppar/inlupp1/ht2/hash_table_iterator2.c
fn=(796) ioopm_hash_table_iterator_current_key
69 92
+1 69
+1 46

fn=(790) skip_sentinel_nodes
40 120
+1 24
+3 201
cfn=(792) advance_iterator_state
calls=67 -22 
* 2224
-3 637
+1 1080
-1 180
+5 72

fn=(874) ioopm_hash_table_iterator_destroy
59 5
+1 3
cob=(3) ???
cfi=(153) ???
cfn=(720) 0x0000000000109110
calls=1 -60 
* 108
+1 3

fn=(792)
22 360
+2 450
+3 360
+2 335
+3 469
+2 792
+3 270

fn=(800) ioopm_hash_table_iterator_advance
79 115
+1 69
cfn=(792)
calls=23 -58 
* 812
+1 69
cfn=(790)
calls=23 -41 
* 4468
+1 69

fn=(786) ioopm_hash_table_iterator_create
49 5
+1 3
cob=(3)
cfi=(153)
cfn=(556) 0x0000000000109160
calls=1 -50 
* 379
* 1
+1 3
+1 2
+1 4
+1 3
cfn=(790)
calls=1 -14 
* 70
+1 1
+1 2

fn=(794) ioopm_hash_table_iterator_at_end
64 96
+1 168
+1 48

fn=(798) ioopm_hash_table_iterator_current_value
74 92
+1 69
+1 46

fl=(168) /mnt/c/Users/elvin/ioopm/inluppar/inlupp1/freq_count.c
fn=(812) cmp_freq_words_reverse
105 456
+1 380
cfn=(814) cmp_freq_words
calls=76 -10 
* 1292
* 76
+1 152

fn=(552) main
118 12
+1 2
+6 5
cfi=(169) /mnt/c/Users/elvin/ioopm/inluppar/inlupp1/ht2/hash_table2.c
cfn=(554) ioopm_hash_table_create
calls=1 9 
* 2142
* 1
+2 2
+2 10
cfn=(586) process_file
calls=1 -76 
* 4415855
-2 7
+5 3
cfi=(169)
cfn=(784) ioopm_hash_table_size
calls=1 +95 
* 8
* 1
+1 36
+1 1
+2 3
cfi=(207)
cfn=(786)
calls=1 -87 
* 473
* 1
+1 1
+2 69
cfi=(207)
cfn=(796)
calls=23 -70 
* 207
* 161
+1 69
cfi=(207)
cfn=(798)
calls=23 -66 
* 207
* 184
+1 23
+1 69
cfi=(207)
cfn=(800)
calls=23 -63 
* 5602
-5 72
cfi=(207)
cfn=(794)
calls=24 -73 
* 312
* 72
+10 6
cfn=(802) sort_freq_words
calls=1 -34 
* 6884
+2 2
+2 414
cob=(3)
cfi=(153)
cfn=(820) 0x0000000000109150
calls=23 0 
* 29800
+1 184
cob=(3)
cfi=(153)
cfn=(720)
calls=23 0 
* 2130
-3 95
+9 3
cfi=(169)
cfn=(870) ioopm_hash_table_destroy
calls=1 -94 
* 5408
+1 3
cfi=(207)
cfn=(874)
calls=1 59 
* 119
* 2
+1 6

fn=(586)
53 9
+1 5
cob=(3)
cfi=(153)
cfn=(588) 0x0000000000109190
calls=1 -54 
* 607
* 1
+1 2
+7 1001
+1 1001
+1 6006
cob=(3)
cfi=(153)
cfn=(622) 0x00000000001091c0
calls=1001 -64 
* 248725
+1 3003
cob=(3)
cfi=(153)
cfn=(660) 0x0000000000109180
calls=1001 -65 
* 9009
* 2002
+2 3
cob=(3)
cfi=(153)
cfn=(720)
calls=1 -67 
* 87
+11 3
cob=(3)
cfi=(153)
cfn=(760) 0x0000000000109130
calls=1 -78 
* 588
* 1
-8 5000
cob=(3)
cfi=(153)
cfn=(664) 0x00000000001091b0
calls=1000 -70 
* 635564
* 2000
+4 5000
cfn=(690) process_word
calls=1000 -60 
* 3353540
-2 4000
cob=(3)
cfi=(153)
cfn=(664)
calls=1000 -72 
* 30000
* 1000
-1 10000
+5 3000
cob=(3)
cfi=(153)
cfn=(720)
calls=1000 -76 
* 93693
-15 1000
+18 5

fn=(736) string_compare
42 20646
+1 6882
+1 6882
+2 17205
cob=(3)
cfi=(153)
cfn=(738) 0x0000000000109170
calls=3441 -46 
* 120838
* 6882
+1 6882

fn=(690)
14 9000
+1 1000
+1 5000
cfi=(169)
cfn=(692) ioopm_hash_table_has_key
calls=1000 218 
* 1108515
* 2000
+2 5862
cfi=(169)
cfn=(694) ioopm_hash_table_lookup
calls=977 201 
* 1065100
+1 2931
+1 5862
cfi=(169)
cfn=(716) ioopm_hash_table_insert
calls=977 162 
* 1064123
+7 977
-3 69
cob=(3)
cfi=(153)
cfn=(700) 0x00000000001091d0
calls=23 -24 
* 5998
* 23
+1 207
cfi=(169)
cfn=(716)
calls=23 162 
* 70873
+2 6000

fn=(814)
96 380
+1 152
+1 152
+2 456
+1 152

fn=(698) ioopm_string_knr_hash
30 12008
+1 6004
+1 3002
+1 3002
+2 1879720
+1 187972
-3 763896
+5 3002
+1 6004

fn=(802)
113 6
+1 7
cob=(3)
cfi=(153)
cfn=(804) 0x0000000000109120
calls=1 0 
* 6868
+1 3

fl=(161) ???
fn=(534) 0x00000000000012c0
0 12

fn=(522) (below main)
0 12
cob=(2) /usr/lib/x86_64-linux-gnu/libc.so.6
cfi=(162) ./csu/../csu/libc-start.c
cfn=(524) __libc_start_main@@GLIBC_2.34
calls=1 242 
0 4472453

fn=(890) 0x0000000000001280
0 9
cob=(3)
cfi=(153)
cfn=(896) 0x0000000000109100
calls=1 0 
0 80
0 1
cfn=(906) 0x0000000000001210
calls=1 0 
0 5
0 3

fn=(906)
0 5

fl=(169)
fn=(692)
218 9000
+5 6000
cfn=(694)
calls=1000 -22 
* 1088515
+1 5000

fn=(694)
201 13839
+2 9885
cfn=(696) find_previous_entry
calls=1977 50 
* 2102351
* 1977
+3 7908
+2 9770
+1 3908
+4 23
+2 3954

fn=(554)
9 6
+1 3
cob=(3)
cfi=(153)
cfn=(556)
calls=1 -10 
* 1853
* 1
+1 2
+1 5
cob=(3)
cfi=(153)
cfn=(556)
calls=1 -12 
* 258
* 3
+1 2
+1 3
+1 3
+2 1
+1 2

fn=(784)
227 4
+1 2
+1 2

fn=(696)
50 17862
+1 14885
cfi=(168)
cfn=(698)
calls=2977 -21 
* 2836035
* 14885
+1 26793
+2 2977
+2 1512
-2 44839
cfi=(168)
cfn=(736)
calls=3435 -12 
* 185969
* 10305
+4 2977
+1 5954

fn=(716)
162 7000
+1 5000
cfn=(696)
calls=1000 50 
* 1062642
* 1000
+3 4000
+2 3908
+12 977
-8 115
cfn=(718) entry_create
calls=23 -93 
* 5342
* 46
+2 115
+1 391
+5 21
-3 6
cfn=(742) resize_table
calls=2 -38 
* 41433
+3 3000

fn=(870)
64 5
+1 2
+2 603
+1 201
cfn=(872) free_bucket
calls=67 -35 
* 3970
-3 339
+5 4
cob=(3)
cfi=(153)
cfn=(720)
calls=1 -70 
* 170
+1 3
cob=(3)
cfi=(153)
cfn=(720)
calls=1 -71 
* 108
+1 3

fn=(746) rehash_bucket
117 336
+1 144
+2 48
+2 75
+1 200
cfn=(748) rehash_insert
calls=25 -21 
* 35406
+1 75
cfn=(752) entry_destroy
calls=25 -99 
* 2792
+1 50
-5 146
+7 192

fn=(752)
25 240
+1 144
cob=(3)
cfi=(153)
cfn=(720)
calls=48 -26 
* 4999
+1 144

fn=(718)
79 288
+2 144
cob=(3)
cfi=(153)
cfn=(556)
calls=48 -81 
* 9324
* 48
+1 144
+1 144
+2 48
+1 96

fn=(750) find_previous_rehash
89 175
+1 125
cfi=(168)
cfn=(698)
calls=25 -60 
* 28575
* 125
+1 225
+2 25
+2 18
-2 178
cfi=(168)
cfn=(736)
calls=6 -51 
* 248
* 18
+4 25
+1 50

fn=(744) rehash
130 14
+1 4
+2 432
+1 288
cfn=(746)
calls=48 -17 
* 39464
-3 198
+5 8

fn=(742)
139 16
+1 4
+1 22
+1 30
+2 4
+2 25
+2 6
+1 10
+1 10
cob=(3)
cfi=(153)
cfn=(556)
calls=2 0 
* 671
* 2
+1 12
cfn=(744)
calls=2 -21 
* 40408
+1 8
cob=(3)
cfi=(153)
cfn=(720)
calls=2 0 
* 174
+1 6
+1 2
-10 13
+15 10

fn=(748)
102 200
+1 150
cfn=(750)
calls=25 -14 
* 29787
* 25
+3 100
+6 125
cfn=(718)
calls=25 -33 
* 4894
* 50
+2 75

fn=(872)
33 335
+1 201
+2 67
+2 69
+1 69
cfn=(752)
calls=23 -14 
* 2735
+1 46
-4 180
+6 268

ob=(4) /usr/libexec/valgrind/vgpreload_core-amd64-linux.so
fl=(156) ???
fn=(916) 0x00000000000010d0
0 9
cob=(3)
cfi=(153)
cfn=(922) 0x000000000483d030
calls=1 0 
0 80
0 1
cfn=(926) 0x0000000000001060
calls=1 0 
0 5
0 3

fn=(504) 0x0000000000001110
0 12

fn=(926)
0 5

ob=(1) /usr/lib/x86_64-linux-gnu/ld-linux-x86-64.so.2
fl=(66) ./io/../sysdeps/unix/sysv/linux/fstatat64.c
fn=(212) fstatat
146 6
-55 6
+70 7
+1 1
-2 4
+1 4

fl=(67) ./elf/./elf/dl-cache.c
fn=(484) _dl_unload_cache
525 1
+1 4
-1 1
+3 1
-3 1
+3 1
cfi=(140) ./misc/../sysdeps/unix/syscall-template.S
cfn=(486) munmap
calls=1 117 
* 6
+7 1
-6 1
+4 1
+2 1

fn=(222) _dl_cache_libcmp
357 7
+1 7
+32 7
-33 7
+1 16
+2 36
+2 36
-2 72
+20 70
+2 70
-12 29
+2 29
+14 29
+1 29
-29 58
+32 3
-28 2
+6 1
+2 1
-2 1
+1 1
-1 1
+1 1
-1 1
+2 3
+2 1
-3 1
+3 3
+2 2
+9 18

fn=(214) _dl_load_cache_lookup
403 10
+2 2
+3 3
+74 1
205 1
482 2
+3 3
fi=(69) ./elf/../sysdeps/x86/dl-procinfo.h
39 2
+3 3
cfi=(32) ./string/../sysdeps/x86_64/multiarch/../multiarch/strcmp-sse2.S
cfn=(94) strcmp
calls=1 +56 
* 25
* 4
fe=(67)
208 6
cfi=(11) ./elf/./elf/dl-tunables.c
cfn=(28) __tunable_get_val
calls=1 387 
* 23
* 1
+12 1
-10 1
-2 1
+12 2
-7 5
+9 5
+1 1
-32 2
+36 1
-4 1
+4 2
-5 25
+1 5
-32 10
+36 5
-4 5
+4 10
+4 18
cfn=(222)
calls=6 357 
* 469
+1 12
346 5
+3 2
220 4
347 3
220 8
+2 10
+20 2
+3 2
+2 4
cfn=(222)
calls=1 357 
* 73
* 2
-7 2
-30 3
+1 1
fi=(230) ./elf/../sysdeps/x86/dl-isa-level.h
28 2
fe=(67)
210 2
fi=(230)
28 1
fe=(67)
210 1
+1 1
-1 3
+76 3
fi=(230)
28 3
fe=(67)
259 2
+10 3
+1 4
+16 1
fi=(68) ./elf/../sysdeps/generic/dl-cache.h
125 1
fe=(67)
286 3
+9 2
+3 2
+3 1
+1 3
+28 2
500 2
+12 2
cfi=(22) ./string/../sysdeps/x86_64/multiarch/../multiarch/strlen-sse2.S
cfn=(62) strlen
calls=1 57 
* 35
+1 1
-1 1
+1 12
+1 1
-1 1
+1 1
-1 1
+1 1
cfi=(29) ./string/../sysdeps/x86_64/multiarch/memmove-vec-unaligned-erms.S
cfn=(82) memcpy
calls=1 210 
* 11
* 1
+1 1
cfi=(44) ./string/./string/strdup.c
cfn=(138) strdup
calls=1 40 
* 95
+1 8
411 4
cfi=(52) ./elf/./elf/dl-misc.c
cfn=(216) _dl_sysdep_read_whole_file
calls=1 36 
* 103
* 1
+8 5
+1 8
+3 3
+1 1
-1 3
fi=(68)
194 1
+1 5
fe=(67)
431 1
+1 2

fl=(9) ./elf/../sysdeps/unix/sysv/linux/dl-sysdep.c
fn=(480) _dl_sysdep_start_cleanup
147 1
+1 1

fn=(16) _dl_sysdep_start
102 5
+4 1
-4 1
+1 1
+3 1
cfn=(18) _dl_sysdep_parse_arguments
calls=1 -28 
* 387
+4 2
cfi=(11)
cfn=(22) __GI___tunables_init
calls=1 261 
* 18493
+3 1
cfi=(13) ./elf/./elf/dl-sort-maps.c
cfn=(26) _dl_sort_maps_init
calls=1 289 
* 38
+2 2
cfi=(14) ./elf/../sysdeps/unix/sysv/linux/brk.c
cfn=(30) brk
calls=1 -79 
* 8
fi=(6) ./elf/../sysdeps/x86_64/dl-machine.h
220 1
cfi=(15) ./elf/../sysdeps/x86/dl-get-cpu-features.c
cfn=(34) _dl_x86_init_cpu_features
calls=1 37 
* 7349
fe=(9)
-98 3
+1 1
cfi=(22)
cfn=(62)
calls=1 -66 
* 17
* 1
+2 2
cfi=(23) ./elf/../misc/sbrk.c
cfn=(64) sbrk
calls=1 -88 
* 16
* 3
+12 3
+3 5
cfi=(2) ./elf/./elf/rtld.c
cfn=(66) dl_main
calls=1 1346 
* 108908
+3 4

fn=(18)
78 1
+2 1
-2 6
+1 1
+1 1
-1 1
+2 2
+2 1
-2 1
+2 2
-1 1
+1 2
-1 30
+1 60
+7 56
fi=(10) ./elf/../sysdeps/unix/sysv/linux/dl-parse_auxv.h
-49 1
fe=(9)
+45 1
fi=(10)
-54 1
fe=(9)
+54 1
fi=(10)
-54 1
+1 1
+1 1
+7 3
+1 44
+1 22
-2 22
+2 22
-2 67
fe=(9)
+52 3
+1 1
+1 2
fi=(10)
-49 1
+1 1
fe=(9)
+46 1
fi=(10)
-45 1
+3 1
+1 1
+1 1
+1 1
+2 1
-5 1
-4 1
+1 1
+4 1
+1 1
+3 1
-7 1
-4 1
+1 1
+8 1
fe=(9)
+40 1
-1 1
+2 1
+1 6

fl=(24) ./elf/../sysdeps/nptl/dl-tls_init_tp.c
fn=(86) rtld_mutex_dummy
42 8
+2 16

fn=(68) __tls_pre_init_tp
53 3
+3 8
+5 1
-5 1
+5 1
+1 1
-6 1
+8 1

fn=(256) __tls_init_tp
68 2
fi=(231) ./elf/../include/list.h
-24 1
fe=(24)
+24 3
fi=(231)
-25 1
fe=(24)
+26 1
+3 1
fi=(231)
-29 1
+1 1
+1 1
+2 1
fe=(24)
+28 4
+1 2
+1 1
+5 2
+5 1
+6 1
-3 1
+3 1
-6 3
+6 1
+12 4
cfi=(11)
cfn=(28)
calls=1 387 
* 24
fi=(75) ./elf/../sysdeps/unix/sysv/linux/rseq-internal.h
-73 3
+8 1
fe=(24)
+81 3
+7 2
+1 3
fi=(75)
-95 7
+3 2
fe=(24)

fl=(20) ./elf/../sysdeps/x86/dl-cacheinfo.h
fn=(52) intel_check_word.constprop.0
123 48
-4 72
+10 24
-10 96
+10 48
-10 24
+10 24
-10 24
+10 24
+2 48
+71 48
fi=(21) ./elf/../bits/stdlib-bsearch.h
32 24
fe=(20)
202 120
-71 96
+2 60
+2 120
+8 120
+51 96
+22 48
fi=(21)
28 48
-1 96
+2 216
+2 168
+1 84
fe=(20)
+78 168
+3 324
fi=(21)
-78 264
-6 528
+2 480
+1 240
fe=(20)
+78 480
+15 12
246 144
fi=(21)
37 120
fe=(20)
155 36
+3 36
-6 12
+3 39
+9 18
+23 21
-32 63
+3 63
+4 58
+2 116
+3 84
+1 48
+1 48
+1 30
+2 11
+2 22
+6 14
+3 8
+1 12
-20 15
+12 4
+2 4
+1 4
-2 4
-1 4
+2 8
-2 4
+3 4
-2 12
+2 12
+11 2
-9 12

fn=(56) get_common_cache_info.constprop.0
571 11
+17 1
+1 1
+9 1
-12 1
+2 1
+2 1
+8 1
-11 1
+3 1
+11 2
-5 3
+17 1
+5 3
+4 2
770 5
+1 5
+4 2
+8 1
-1 1
+1 1
+1 1
+1 7
627 5
+3 6
-32 5
+75 4
+8 5
+2 2
-2 1
+6 3
+3 1
+1 5
-4 4
+21 2
-21 4
+2 1
+2 4
-4 1
+6 4
+3 2
+5 1
+2 2
+1 1
+1 1
-2 2
+1 1
-19 4
+46 2
+1 1
+1 2
+1 1
+25 3
630 3
+10 6
+14 2
+4 1
+3 1
+1 1
-4 2
+3 3
+6 4
-37 12
+7 6
-7 3
+7 2
+3 20
+5 2
+4 1
+1 1
-1 2
+1 1
+61 2
+7 1
+2 2
-16 1
+22 1
-6 2
+1 1
+5 1
-30 5

fn=(50) handle_intel.constprop.0
255 24
-5 12
+17 12
-17 96
+11 12
+1 12
+5 36
+4 24
+34 96
-29 12
+3 24
-3 12
+3 36
cfn=(52)
calls=12 123 
* 4092
+2 24
+3 60
cfn=(52)
calls=12 123 
* 1272
+2 24

fl=(16) ./elf/../sysdeps/x86/cpu-features.c
fn=(36) init_cpu_features.constprop.0
682 1
+17 1
-17 7
+3 1
+1 1
+1 1
+3 1
+9 2
+3 6
1001 3
+1 2
+3 2
+1 2
+6 1
+1 1
+1 1
+1 1
fi=(20)
792 1
+1 1
+2 1
+14 2
+85 1
+1 1
+15 1
-5 1
+5 1
-10 1
-6 1
+2 1
+14 1
-15 1
+2 1
-1 1
+2 1
-1 1
+2 1
-1 1
+1 1
+2 1
+1 1
+1 1
+1 1
+35 2
-15 3
+8 2
+27 6
+9 2
+19 2
+8 6
cfi=(11)
cfn=(28)
calls=1 387 
* 23
* 1
+2 2
+3 4
cfi=(11)
cfn=(28)
calls=1 387 
* 23
* 1
+2 2
+3 4
cfi=(11)
cfn=(28)
calls=1 387 
* 23
* 1
+1 5
+16 2
-12 5
cfi=(11)
cfn=(28)
calls=1 387 
* 23
* 1
+1 3
+6 3
+3 1
-3 2
cfi=(11)
cfn=(28)
calls=1 387 
* 23
* 1
+3 5
-3 1
+3 5
cfi=(11)
cfn=(58) __GI___tunable_set_val
calls=1 153 
* 62
+1 10
cfi=(11)
cfn=(58)
calls=1 153 
* 62
+1 11
cfi=(11)
cfn=(58)
calls=1 153 
* 62
+3 10
cfi=(11)
cfn=(58)
calls=1 153 
* 62
+2 10
cfi=(11)
cfn=(58)
calls=1 153 
* 62
+13 1
+2 1
fe=(16)
-23 1
fi=(20)
+21 1
+3 1
fe=(16)
-24 1
fi=(20)
+26 1
-5 1
+2 1
-2 1
+3 1
fe=(16)
-24 1
fi=(20)
+25 1
+3 1
-1 1
fe=(16)
-27 1
cfi=(11)
cfn=(28)
calls=1 387 
* 22
+3 4
cfi=(11)
cfn=(28)
calls=1 387 
* 24
+6 3
+54 1
-1 1
+1 1
+45 4
cfi=(11)
cfn=(28)
calls=1 387 
* 22
+2 4
cfi=(11)
cfn=(28)
calls=1 387 
* 22
+6 4
cfi=(11)
cfn=(28)
calls=1 387 
* 24
+7 8
fi=(20)
974 12
fe=(16)
+68 1
-1 2
+1 3
+44 3
+27 2
-10 2
+1 2
+2 3
+1 2
+2 3
+1 2
fi=(20)
811 2
cfn=(50)
calls=1 255 
* 455
+1 1
-1 1
+1 1
cfn=(50)
calls=1 255 
* 503
+1 1
-1 1
+1 1
cfn=(50)
calls=1 255 
* 530
+4 1
-4 1
+1 2
+3 1
cfn=(50)
calls=1 255 
* 476
+2 1
-2 1
+2 1
cfn=(50)
calls=1 255 
* 468
+3 1
-3 1
+1 2
+2 1
cfn=(50)
calls=1 255 
* 446
+2 1
-2 1
+2 1
cfn=(50)
calls=1 255 
* 447
+3 1
-2 1
-1 1
+3 1
cfn=(50)
calls=1 255 
* 494
+2 1
-2 1
+2 1
cfn=(50)
calls=1 255 
* 495
+1 1
+2 1
-3 1
+1 1
+2 1
cfn=(50)
calls=1 255 
* 521
+2 1
-2 1
+2 1
cfn=(50)
calls=1 255 
* 522
+2 1
-2 1
+2 1
cfn=(50)
calls=1 255 
* 523
+2 4
-2 1
+2 1
cfn=(56)
calls=1 571 
* 223
+93 1
-6 3
+6 1
-6 2
+6 2
-6 2
+6 2
-1 2
fe=(16)
708 6
cfn=(38) get_common_indices.constprop.0
calls=1 398 
* 74
376 3
+1 2
+1 6
+5 2
713 1
cfn=(42) update_active.constprop.0
calls=1 72 
* 222
+2 1
+2 1
1015 1
715 2
878 2
+7 2
+2 2
+4 2
+6 2
+2 1
706 2
-3 1
384 6
+5 2
+1 7
717 1
fi=(20)
987 1
-48 1
fe=(16)
717 1
fi=(20)
987 2
fe=(16)
717 6
+4 7
+78 1
-25 3
+92 2
+3 2
fi=(20)
+38 1
fe=(16)
-37 1
-89 2
+51 2

fn=(38)
398 3
+4 4
+3 3
+5 2
-5 1
+5 1
-5 1
+4 1
+1 1
+1 4
+1 4
+1 3
+1 2
+7 2
+2 5
+5 1
-5 1
+5 1
-5 1
+5 1
-5 2
+5 1
+7 1
-7 4
+7 1
+1 3
+6 1
-6 4
+6 1
fi=(17) ./elf/../sysdeps/unix/sysv/linux/x86/dl-minsigstacksize.h
24 2
+3 2
+1 2
+37 3
+7 1
+2 1
fe=(16)
457 3

fn=(42)
72 8
+4 1
+10 1
+9 1
+9 1
-19 1
-1 1
+29 1
-4 1
-24 1
+9 1
+9 1
+9 1
-28 2
+25 1
-15 1
-9 1
+9 1
+9 1
+9 1
-3 1
+7 1
-13 1
+9 1
+4 2
-22 1
+22 2
-13 1
+6 1
+3 1
+5 1
+12 1
-8 1
-4 1
+7 1
-3 4
+1 1
+2 1
-2 2
+1 3
+5 1
+2 1
-2 4
+1 1
+1 1
-1 2
+1 1
-1 1
+3 2
+1 4
+14 2
356 2
+4 3
fi=(18) ./elf/../sysdeps/unix/sysv/linux/x86/dl-hwcap2.h
25 2
fi=(19) ./elf/../sysdeps/x86/get-isa-level.h
+5 1
-2 1
+2 3
fe=(16)
369 1
+1 8
151 2
+1 2
-1 5
+1 2
+2 3
+90 1
+1 1
-1 2
+17 4
+16 2
+5 1
-1 2
+4 4
+4 2
+4 3
+1 2
+3 1
-1 1
+9 1
-5 1
+2 1
-2 1
+5 1
+51 1
fi=(19)
31 1
fe=(16)
356 2
fi=(19)
32 3
+4 3
fe=(16)
158 4
+3 1
+3 2
+14 1
+2 1
+10 3
-12 1
+12 1
-12 1
+2 2
-2 1
+2 1
+8 1
-8 1
+6 3
+2 1
-2 1
+2 3
+7 5
fi=(19)
39 2
+1 4
-2 1
+7 4
+2 1
+1 2
+3 5
+2 4
+1 2
+1 2
+3 1
-1 1
+1 3
fe=(16)
171 1
-5 2
+4 1

fl=(14)
fn=(30)
36 1
fi=(232) ./elf/../sysdeps/unix/sysv/linux/brk_call.h
-12 2
fe=(14)
+13 1
+1 2
+6 1
+1 1

fl=(140)
fn=(436) mprotect
117 20
+5 4

fn=(486)
117 5
+5 1

fl=(65) ./io/../sysdeps/unix/sysv/linux/stat64.c
fn=(210) stat
28 6
+1 12
cfi=(66)
cfn=(212)
calls=3 146 
* 28

fl=(13)
fn=(234) dfs_traversal.part.0
135 72
+10 8
-2 8
+2 16
+2 20
-7 20
+7 40
+9 16
+15 24
+1 8
+1 48
-17 12

fn=(26)
289 2
+1 2
-1 2
+1 2
cfi=(11)
cfn=(28)
calls=1 +97 
* 24
+2 3
-1 1
+2 2

fn=(232) _dl_sort_maps
298 24
+8 2
-8 2
+8 4
+4 16
-99 2
-28 2
-2 2
+1 4
+29 2
-28 8
+1 2
-1 2
+1 2
-1 4
+1 6
-1 6
+1 6
-1 12
+28 30
+8 6
-3 2
+2 2
+1 4
-3 2
+5 26
+2 8
-83 40
cfn=(234)
calls=8 -5 
* 292
+86 24
+18 8
+32 8
+7 2
+27 2
-47 6
cfi=(29)
cfn=(82)
calls=2 -53 
* 22
* 2

fl=(25) ./elf/./elf/dl-environ.c
fn=(70) _dl_next_ld_env_entry
28 3
+1 3
+3 39
+13 29
-13 58
+2 62
+1 18
+5 2
-3 2
+3 2
+2 2

fl=(22)
fn=(62)
57 15
+44 15
+1 15
+1 15
+1 15
+1 15
+1 15
+1 15
+2 15
+2 15
+31 15
+1 15
+1 15
+1 15
+1 15
+1 9
+2 9
+4 6
+1 6
+1 6
+1 6
+1 6
+1 6
+1 6
+1 6
+1 6
+1 6
+1 6
+1 6
+5 48

fl=(27) ./elf/./elf/dl-minimal-malloc.c
fn=(78) __minimal_malloc
36 192
+1 72
+11 69
+3 23
-3 23
+3 46
-3 2
+3 1
-3 1
+3 90
+19 24
+1 24
+2 144
-17 8
+1 4
+2 2
+1 14
cfi=(57) ./misc/../sysdeps/unix/sysv/linux/mmap64.c
cfn=(182) mmap
calls=2 -13 
* 52
* 2
+2 4
+2 8
cfi=(58) ./misc/../sysdeps/unix/sysv/linux/setvmaname.c
cfn=(184) __set_vma_name
calls=2 -31 
* 56
+1 6
+2 2
+4 2
-4 4
-24 1
-1 1
+1 1
+1 2
-2 2

fn=(142) __minimal_free
97 1
+2 4

fn=(74) __minimal_calloc
80 8
+4 8
-4 32
+7 8
+1 24
fi=(28) ./elf/../include/rtld-malloc.h
-32 8
cfi=(27)
cfn=(78)
calls=8 -20 
* 347
fe=(27)

fl=(23)
fn=(64)
37 4
+3 1
-3 2
+21 2
+4 2
+16 5

fl=(30) ./elf/./elf/dl-load.c
fn=(204) _dl_dst_count
238 4
+3 2
-3 10
+7 2
-7 4
+3 2
cfi=(41) ./string/../sysdeps/x86_64/multiarch/../multiarch/strchr-sse2.S
cfn=(118) index
calls=2 32 
* 72
+3 4
+20 18

fn=(136) expand_dynamic_string_token
385 18
241 4
385 2
241 2
cfi=(41)
cfn=(118)
calls=2 32 
* 72
+3 4
410 2
-11 2
+11 12
-11 2
cfi=(44)
cfn=(138)
calls=2 40 
* 180

fn=(208) open_path
1812 8
+1 1
-1 3
+1 1
+6 2
+5 17
+67 2
-74 1
+7 3
+57 1
-65 1
+65 1
+10 2
-64 2
+8 6
+7 2
-11 1
+12 1
-1 4
cfi=(29)
cfn=(126) mempcpy
calls=1 197 
* 13
+1 21
+3 6
+5 21
cfi=(29)
cfn=(126)
calls=3 197 
* 39
* 12
cfi=(29)
cfn=(126)
calls=3 197 
* 39
+3 6
+6 9
+3 21
cfn=(170) open_verify.constprop.0
calls=3 1572 
* 168
* 3
+2 9
+2 6
+93 9
-88 6
+1 21
+6 3
+2 6
-2 6
+2 3
cfi=(65)
cfn=(210)
calls=3 28 
* 46
* 3
+3 3
-3 6
+1 2
+9 8
+2 1
-2 2
+2 3
+44 8
+6 2
-2 1
+2 2
+3 3
1822 2
+2 2

fn=(132) fillin_rpath.isra.0
468 9
+4 1
-4 8
+6 3
cfi=(7) ./elf/./elf/dl-minimal.c
cfn=(134) strsep
calls=1 239 
* 240
* 3
cfi=(7)
cfn=(134)
calls=1 239 
* 8
* 6
+7 2
+2 3
cfn=(136)
calls=1 -98 
* 125
* 1
+4 2
+5 2
cfi=(22)
cfn=(62)
calls=1 57 
* 17
* 1
+1 2
+7 5
+9 15
+1 8
fi=(28)
50 2
cfi=(27)
cfn=(142)
calls=1 +47 
* 5
+1 1
fe=(30)
528 4
+4 4
fi=(28)
56 1
cfi=(27)
cfn=(78)
calls=1 -20 
* 30
* 1
fe=(30)
534 2
+5 1
+1 2
-1 1
-1 1
+2 1
cfi=(29)
cfn=(126)
calls=1 197 
* 13
+3 1
-3 1
+1 1
+2 1
+6 1
+1 1
-1 3
+1 5
+1 1
-1 1
+1 1
-1 3
+1 1
-1 2
+1 1
+2 2
+1 3
+1 1
+6 2
+1 1
+3 3
-60 2
-22 2
+88 1
+3 8
-24 2

fn=(88) _dl_process_pt_gnu_property
868 3
+8 3
-8 6
+8 3
-6 3
+12 6
-13 3
+13 3
-13 3
+13 6
+3 9
+1 6
+1 6
+3 9
+1 9
+4 3
+1 6
+22 3
+2 3
-2 6
+2 9
-20 10
+1 5
+3 10
+3 5
+1 20
fi=(31) ./elf/../sysdeps/x86/dl-prop.h
95 20
+7 10
+16 5
-3 10
254 6
+1 3
+2 12
+3 3
-8 4
+5 2
-4 2
+4 6
+3 2
-2 1
fe=(30)

fn=(176) _dl_map_object_from_fd
944 20
+15 2
-15 4
+15 2
-15 4
+15 4
+77 8
+10 4
+7 14
cfi=(26) ./elf/./elf/dl-object.c
cfn=(72) _dl_new_object
calls=2 59 
* 861
* 2
+1 4
+11 2
+5 2
-4 2
-1 2
+2 2
+2 2
-2 2
+2 4
+1 6
+1 2
+19 2
-2 1
+2 12
-2 1
+2 28
+10 2
-10 2
+10 6
+27 2
-33 2
-3 2
+2 2
-1 2
+35 2
+9 2
-50 2
+41 2
+9 2
-36 2
+63 10
-62 86
+26 56
+8 16
+1 8
-1 8
+1 32
+1 8
-1 8
+1 8
+2 8
-2 8
+2 8
+2 8
-4 8
+1 8
+3 8
-4 8
+4 40
+2 16
+13 16
+1 30
+5 6
+1 54
-28 12
-35 18
+62 2
+1 18
-28 4
-35 51
+1 127
1213 2
1100 2
1213 4
1100 6
1218 14
+10 6
+1 2
-1 2
+1 2
-1 6
+1 6
-1 6
+1 6
-1 18
1066 4
1235 4
+10 8
+7 8
fi=(59) ./elf/./dl-map-segments.h
28 2
fe=(30)
1252 6
fi=(59)
28 4
+1 16
cfi=(57)
cfn=(182)
calls=2 +18 
* 56
+73 4
-1 2
-72 2
+73 2
+3 4
+1 2
+2 2
-3 2
+1 2
+2 2
+17 2
-44 2
fi=(60) ./elf/./dl-load.h
+10 16
fi=(59)
+58 32
+6 2
+2 2
-2 2
+1 2
+2 4
-1 4
+3 4
+5 4
+3 6
+8 12
cfi=(43) ./string/../sysdeps/x86_64/multiarch/../multiarch/memset-vec-unaligned-erms.S
cfn=(130) memset
calls=2 -44 
* 287
* 2
+6 4
+12 8
-59 48
+2 24
+2 48
cfi=(57)
cfn=(182)
calls=6 -92 
* 126
* 12
fe=(30)
1264 2
fi=(56) ./elf/../sysdeps/posix/dl-fileid.h
37 4
cfi=(55) ./io/../sysdeps/unix/sysv/linux/fstat64.c
cfn=(178) fstat
calls=2 -7 
* 12
* 4
fe=(30)
989 4
fi=(56)
40 6
fe=(30)
989 2
fi=(56)
40 2
fe=(30)
989 23
+1 10
fi=(56)
49 12
fe=(30)
1519 18
1074 13
+1 2
-1 1
+1 1
-1 1
+1 1
cfi=(70) ./io/../sysdeps/unix/sysv/linux/pread64_nocancel.c
cfn=(224) __pread64_nocancel
calls=1 25 
* 7
* 2
+46 2
+1 1
-15 4
+7 2
+2 2
-2 2
+1 2
+1 2
-1 4
+1 16
+60 3
+5 1
-1 2
+5 1
-5 2
-66 1
+71 4
+1 1
+3 1
-3 1
+8 4
+15 4
+1 2
1008 4
1268 8
+1 6
fi=(61) ./elf/./elf/get-dynamic-info.h
39 4
+6 2
-2 2
+11 2
+1 2
-10 4
+8 3
+15 3
-23 12
+23 44
-23 176
+4 94
+3 13
-1 26
+3 40
+1 32
+1 10
+16 8
+12 7
+1 8
+1 8
+1 8
+1 7
+1 7
+1 7
+1 8
+12 2
+7 2
-7 14
+7 5
+5 2
+7 2
+1 6
+6 6
+1 3
+17 6
+5 2
+2 2
+2 2
+2 2
+4 6
+2 6
+1 4
+9 4
+6 4
+4 4
fe=(30)
1275 4
+1 4
+2 4
+10 6
+19 6
+2 12
+52 6
+1 2
+6 18
+1 42
+6 8
cfn=(88)
calls=2 868 
* 154
-7 52
+1 25
+6 25
-6 50
fi=(31)
149 8
fe=(30)
1380 4
cfi=(62) ./io/../sysdeps/unix/sysv/linux/close_nocancel.c
cfn=(194) __GI___close_nocancel
calls=2 25 
* 12
* 4
+13 4
+2 8
+2 4
+16 4
cfi=(8) ./elf/./elf/dl-setup_hash.c
cfn=(14) _dl_setup_hash
calls=2 25 
* 54
+4 4
+1 4
+17 4
+1 1
+3 1
+5 1
-5 1
+5 1
-5 1
+5 1
-5 1
+5 1
+5 4
+12 16
+10 4
+1 4
+5 2
cfi=(46) ./elf/../elf/dl-tls.c
cfn=(226) _dl_assign_tls_modid
calls=1 125 
* 12
+7 6
cfi=(26)
cfn=(84) _dl_add_to_namespace_list
calls=2 31 
* 106
+3 4
+4 4
cfi=(45) ./elf/./elf/dl-debug.c
cfn=(196) _dl_debug_update
calls=2 38 
* 14
* 2
+1 6
+22 14
+1 6
cfi=(48) ./elf/./elf/dl-audit.c
cfn=(198) _dl_audit_objopen
calls=2 77 
* 10
* 2
fi=(60)
92 4
+2 1
-1 1
+1 1
-1 1
+1 1
-1 1
+1 1
-1 2
+3 4
fi=(61)
-37 8
+3 8
+2 8
181 3
-22 2
fe=(30)
1510 4
1074 2
fi=(59)
186 8
cfi=(57)
cfn=(182)
calls=1 47 
* 21
+3 2
fe=(30)
1462 6
+2 1
-1 5
+1 1
-1 1
+1 1
-1 1
cfi=(32)
cfn=(94)
calls=1 98 
* 25
* 2
+2 5

fn=(106) _dl_init_paths
706 11
+14 1
-14 2
+14 2
cfi=(37) ./elf/./elf/dl-hwcaps.c
cfn=(108) _dl_important_hwcaps
calls=1 172 
* 1244
fi=(28)
56 1
fe=(30)
720 1
fi=(28)
56 1
cfi=(27)
cfn=(78)
calls=1 -20 
* 30
fe=(30)
725 1
+2 3
+8 2
-1 3
+5 3
fi=(28)
56 1
cfi=(27)
cfn=(78)
calls=1 -20 
* 30
fe=(30)
739 1
+2 4
+7 1
+8 1
+2 1
+12 2
-23 1
+9 1
+11 1
-4 1
-5 1
+3 2
+7 2
+2 2
-11 1
+11 3
-8 1
+4 1
+1 3
+1 16
cfi=(43)
cfn=(130)
calls=4 132 
* 56
+2 15
-14 3
+10 3
+4 9
-12 3
-2 3
+2 3
+4 3
-3 3
+3 3
+1 3
-2 3
+5 9
+1 6
+3 1
+15 1
-8 1
+5 1
-6 1
+9 2
+2 4
+2 3
+36 5
+2 2
cfi=(22)
cfn=(62)
calls=1 57 
* 17
* 9
-19 1
-2 1
+2 2
+19 9
cfi=(29)
cfn=(82)
calls=1 210 
* 11
* 1
+5 4
-1 2
+2 1
+1 2
-2 4
+1 13
+1 26
-2 52
+5 1
fi=(28)
56 1
cfi=(27)
cfn=(78)
calls=1 -20 
* 30
fe=(30)
836 1
fi=(28)
56 1
fe=(30)
838 2
+6 6
cfn=(132)
calls=1 468 
* 581
+3 3
+6 1
+4 8
-35 2
+5 2

fn=(166) _dl_map_object
1967 36
+8 6
+1 12
+3 51
+5 49
+2 21
cfi=(52)
cfn=(168) _dl_name_match_p
calls=7 68 
* 769
* 14
+4 12
+1 18
+4 2
-1 10
+1 2
+1 2
-1 2
+1 4
cfi=(32)
cfn=(94)
calls=2 98 
* 50
* 4
2270 29
2011 6
-1 4
+9 2
-50 2
+50 4
+17 4
-2 2
+2 2
cfi=(41)
cfn=(118)
calls=2 32 
* 48
* 4
2202 2
-1 3
cfn=(136)
calls=1 385 
* 175
+6 1
-7 1
+1 1
+2 2
+4 7
cfn=(170)
calls=1 1572 
* 106
+3 2
-3 1
+3 1
+12 4
+45 1
+1 5
-1 1
+1 8
cfn=(176)
calls=1 944 
* 1940
-1 1
+1 5
-1 1
+1 8
cfn=(176)
calls=1 944 
* 2374
* 6
2040 2
cfi=(22)
cfn=(62)
calls=1 57 
* 17
* 2
+2 2
+7 4
+51 13
cfn=(208)
calls=1 1812 
* 580
+6 1
-6 1
+6 2
2222 4
+46 2
682 1
2107 1
682 2
2135 2
cfi=(67)
cfn=(214)
calls=1 403 
* 1139
* 1
+2 2
+4 2
+31 1
-23 2
+23 7
cfn=(170)
calls=1 1572 
* 137
+4 2
-4 1
+4 1
+1 1
+17 2
2074 5
682 1
2075 1
682 3
2099 2
+1 2
-47 1
+1 1
696 5
2058 3
682 1
2059 1
682 2
2073 5
+1 2
+41 1
+14 2
+2 3
-47 2

fn=(170)
1572 50
+32 5
-32 10
+32 10
+19 20
cfi=(53) ./io/../sysdeps/unix/sysv/linux/open64_nocancel.c
cfn=(172) __open_nocancel
calls=5 28 
* 109
* 5
+2 10
+8 2
+1 4
+5 2
-5 2
+5 10
cfi=(54) ./io/../sysdeps/unix/sysv/linux/read_nocancel.c
cfn=(174) __read_nocancel
calls=2 25 
* 12
+2 4
+2 4
+2 4
+6 4
+17 26
+81 4
+5 4
+6 8
+6 4
+6 2
+1 2
-1 6
+1 6
+26 45
-22 13
+1 2
-1 1
+1 1
cfi=(70)
cfn=(224)
calls=1 25 
* 7
* 2
1668 3
-59 6
1777 2

fl=(38) ./elf/../sysdeps/x86_64/dl-hwcaps-subdirs.c
fn=(110) _dl_hwcaps_subdirs_active
29 1
fi=(19)
+2 1
fe=(38)
+7 1
fi=(19)
-8 4
fe=(38)
+22 1
fi=(19)
-20 3
+4 1
fe=(38)
+2 1
fi=(19)
-2 2
+3 4
+1 4
+5 1
fe=(38)
-7 1
fi=(19)
+7 3
fe=(38)
-2 1
fi=(19)
+5 2
+3 5
+2 4
+1 2
+1 2
+3 1
fe=(38)
-10 1
fi=(19)
+10 3
fe=(38)

fl=(53)
fn=(172)
28 12
+3 6
-3 12
+3 36
+8 42
+2 6
-2 9
+2 6

fl=(51) ./setjmp/../sysdeps/x86_64/setjmp.S
fn=(162) __sigsetjmp
31 3
+2 3
+9 3
+1 6
+1 3
+4 3
+1 3
+1 3
+1 3
+1 3
+2 6
+2 3
+1 3
+1 3
+2 6
+2 3
+8 3
+3 3
+1 3
+7 3
+1 3

fl=(46)
fn=(250) _dl_determine_tlsoffset
216 9
+6 4
+3 2
+36 3
+2 1
-2 1
-2 1
-40 1
-1 1
-1 1
+46 2
+23 3
+3 1
-3 5
+2 2
+6 1
-33 2
+20 1
-20 5
+2 2
+3 1
-1 1
+5 2
-5 1
+1 1
-1 1
+3 2
+2 3
+32 2
-1 1
+53 1
-52 5
+2 2
+51 8

fn=(440) _dl_allocate_tls_init
523 11
+1 2
+4 1
+6 1
-6 1
+6 1
cfi=(24)
cfn=(86)
calls=1 42 
* 3
+3 3
+12 1
-18 1
+42 3
-19 12
+9 3
+1 2
+6 3
+3 1
-2 1
+2 1
-2 1
+2 4
+4 1
-4 1
+4 1
-1 2
+4 2
+1 4
+2 2
+1 2
+17 1
-8 1
+8 1
+2 4
cfi=(29)
cfn=(126)
calls=1 197 
* 13
* 6
cfi=(43)
cfn=(130)
calls=1 132 
* 25
-49 1
+55 1
-55 4
+6 5
+55 2
cfi=(24)
cfn=(86)
calls=1 42 
* 3
+3 2
+3 9

fn=(146) _dl_count_modids
192 1
+2 2
+1 1
+15 2

fn=(438) _dl_add_to_slotinfo
1017 8
+9 1
-9 1
+6 1
+4 1
+4 3
+34 2
+3 2
+1 3
+3 6

fn=(252) _dl_allocate_tls_storage
417 7
+2 1
+11 1
+1 1
fi=(28)
56 1
cfi=(27)
cfn=(78)
calls=1 -20 
* 85
fe=(46)
432 2
+8 3
fi=(28)
44 1
fe=(46)
440 2
+5 1
-5 1
+1 1
+4 304
+19 1
-99 1
+4 1
+1 1
fi=(28)
44 1
cfi=(27)
cfn=(74)
calls=1 +36 
* 41
fe=(46)
371 2
+3 1
+6 2
+90 7

fn=(248) _dl_tls_static_surplus_init
97 2
+3 1
-3 3
+3 1
-3 1
+3 1
-3 1
+3 1
-3 1
+3 1
cfi=(11)
cfn=(28)
calls=1 387 
* 23
* 1
+1 4
cfi=(11)
cfn=(28)
calls=1 387 
* 23
+1 1
+2 1
-3 1
+1 2
+2 3
+3 1
+2 1
-26 3
+28 3
+1 6

fn=(226)
125 1
+16 1
-13 1
-3 3
+3 1
+55 1
-2 1
+5 1
+1 2

fl=(39) ./elf/./elf/dl-hwcaps_split.c
fn=(120) _dl_hwcaps_split
25 5
+1 3
+21 1
-20 1
+20 3

fn=(114) _dl_hwcaps_split_masked
51 110
-25 44
+36 5
-7 5
+7 35
-26 24
+5 27
cfi=(41)
cfn=(118)
calls=9 -9 
* 216
* 9
+1 18
+3 6
+11 12
+1 18
+1 12
-2 6
+1 9
+1 6
-28 24
+4 48
+1 12
-1 30
+24 6
+9 12
-5 6
-2 6
+2 42
-19 6
cfi=(22)
cfn=(62)
calls=3 +14 
* 51
* 6

fl=(42) ./string/../sysdeps/x86_64/multiarch/../multiarch/memcmp-sse2.S
fn=(122) bcmp
59 1
+12 1
+1 1
+22 1
+1 1
+45 1
+1 1
+2 1
+1 1
+2 1
+1 1
+2 1
+1 1
+47 1
+1 1
+1 1
+1 1
+1 1
+1 1

fl=(41)
fn=(118)
32 15
+1 15
+1 15
+1 15
+1 15
+1 15
+1 15
+1 15
+1 15
+1 15
+1 15
+1 15
+1 15
+1 15
+1 15
+1 15
+1 15
+1 15
+1 13
+4 13
+1 13
+1 13
+1 13
+2 13
+4 2
+1 2
+1 2
+1 2
+1 2
+1 2
+1 2
+1 2
+1 2
+1 2
+1 2
+1 2
+1 2
+1 2
+1 2
+1 2
+1 2
+1 2
+1 2
+1 2
+1 2
+1 2
+1 2
+1 2
+52 2
+4 2
+1 2
+1 2
+1 2
+2 2

fl=(2)
fn=(238) version_check_doit
674 2
+2 1
-2 4
+2 3
cfi=(73) ./elf/./elf/dl-version.c
cfn=(240) _dl_check_all_versions
calls=1 392 
* 3797
* 2
+4 3

fn=(66)
1346 2
197 1
1346 11
199 1
302 1
+1 1
197 1
+99 3
1357 1
cfi=(24)
cfn=(68)
calls=1 53 
* 17
2749 1
2538 1
2749 2
2598 1
+2 2
+15 1
-13 2
cfi=(25)
cfn=(70)
calls=1 28 
* 35
* 4
cfi=(25)
cfn=(70)
calls=2 28 
* 185
* 9
+4 6
-2 2
+2 6
+1 2
-1 6
+1 17
-1 89
+9 12
2727 3
1373 1
+1 2
-1 2
+1 2
2687 3
-47 2
+10 2
1637 9
cfi=(26)
cfn=(72)
calls=1 59 
* 210
* 1
+2 2
+1 3
+6 1
-5 2
+1 3
+4 1
cfi=(26)
cfn=(84)
calls=1 31 
* 42
+1 2
1116 1
-1 1
1351 1
1143 1
-21 2
+21 2
-19 1
+1 1
-3 1
+21 2
+57 1
-82 1
+25 1
-3 1
+4 1
+19 1
+37 4
-56 102
+56 4
-1 4
+1 8
-1 4
+2 8
+1 1
+2 12
+1 14
+4 8
+1 8
+1 4
+4 12
-72 27
1253 2
+1 22
+6 4
cfi=(30)
cfn=(88)
calls=1 868 
* 90
-7 26
+1 13
+6 13
-6 26
fi=(31)
235 4
+1 2
-87 4
fe=(2)
1148 1
-5 1
+5 2
-5 2
+30 1
-9 2
+2 1
-3 1
+10 2
+18 2
-38 2
-10 1
+10 1
+1 9
-11 2
+1 14
1247 1
1143 1
1247 2
1143 3
1266 4
+3 3
+2 3
1672 3
+2 2
-1 1
+1 1
+1 3
-2 2
cfi=(32)
cfn=(94)
calls=1 98 
* 25
* 2
+7 1
+3 1
-5 1
+3 1
+2 1
+1 2
+4 2
+2 2
fi=(3) ./elf/./get-dynamic-info.h
39 4
+4 1
+2 1
+9 1
+1 1
-10 2
+23 26
-23 104
+4 52
+3 6
-1 12
+3 24
+1 20
fe=(2)
1243 1
1143 1
1243 1
1143 2
fi=(3)
72 4
+43 2
+7 3
+1 4
+6 3
+18 4
+5 2
+2 2
+2 2
+2 2
+1 2
+3 4
+2 3
+1 2
+9 2
+6 2
+1 3
+3 3
fe=(2)
1698 4
+7 2
cfi=(8)
cfn=(14)
calls=1 25 
* 27
+3 2
fi=(33) ./elf/./setup-vdso.h
24 2
fi=(36) ./elf/./dl-main.h
+85 2
fi=(35) ./elf/../sysdeps/unix/sysv/linux/dl-vdso-setup.h
-64 1
fi=(36)
+64 3
cfi=(30)
cfn=(106)
calls=1 706 
* 2322
fe=(2)
1733 3
cfi=(45)
cfn=(144) _dl_debug_initialize
calls=1 56 
* 34
+7 1
-5 1
-2 1
+7 1
+4 1
+1 1
+2 1
-3 3
+1 2
+3 1
+11 1
-13 1
+13 1
+1 2
+5 1
-3 2
+2 1
+1 2
+5 3
+1 5
-1 2
224 1
+1 1
-1 1
+1 3
+1 2
1788 2
+5 1
-1 1
1352 1
1793 1
+24 1
cfi=(46)
cfn=(146)
calls=1 192 
* 6
* 1
fi=(47) ./elf/../sysdeps/generic/dl-debug.h
29 4
+1 1
fe=(2)
1823 1
+1 1
cfi=(45)
cfn=(150) _dl_debug_state
calls=1 116 
* 2
+1 1
+4 3
cfi=(48)
cfn=(152) _dl_audit_activity_map
calls=1 29 
* 17
+5 3
+2 1
+2 2
+9 2
+16 4
cfi=(63) ./io/../sysdeps/unix/sysv/linux/access.c
cfn=(200) access
calls=1 25 
* 9
* 2
+76 4
+16 3
85 1
1965 1
85 2
1965 1
85 1
1965 5
85 1
1965 2
cfi=(64) ./elf/./elf/dl-deps.c
cfn=(202) _dl_map_object_deps
calls=1 143 
* 6950
92 1
+9 1
1971 1
92 2
+9 2
1971 2
+1 6
-1 4
+1 6
-1 12
+4 3
+1 2
+1 1
+2 14
+1 6
+46 1
-42 2
+8 3
+1 2
+2 1
+2 3
+2 1
-4 1
+5 1
-1 2
+14 2
+1 2
+1 3
-25 1
+36 2
+2 1
-2 1
+2 2
-2 1
+1 2
+1 1
-1 2
+1 1
cfi=(50) ./elf/./elf/dl-catch.c
cfn=(236) _dl_receive_error
calls=1 186 
* 3834
+10 1
+1 1
-1 1
+1 1
+3 2
837 1
fi=(233) ./elf/../sysdeps/unix/sysv/linux/dl-osinfo.h
39 2
fe=(2)
839 1
fi=(233)
52 1
fe=(2)
848 1
+7 1
-5 1
2047 3
2246 2
+4 1
-4 1
+10 1
-6 1
+6 1
-6 1
+9 2
+8 2
fi=(31)
36 2
+1 3
+3 3
+13 6
-13 3
+9 6
-9 1
+9 16
+4 12
-16 12
+34 1
fe=(2)
2279 1
fi=(31)
71 1
cfi=(76) ./elf/../sysdeps/x86_64/dl-cet.c
cfn=(260) _dl_cet_check
calls=1 361 
* 55
fe=(2)
2282 1
-3 2
+5 1
-2 2
+2 2
+1 6
cfi=(77) ./elf/./elf/dl-reloc.c
cfn=(262) _dl_relocate_object
calls=1 207 
* 67964
85 2
2292 1
85 2
2292 1
+1 17
+2 8
+5 8
+2 8
+6 4
+2 8
+1 24
cfi=(77)
cfn=(262)
calls=3 207 
* 15533
+4 10
+1 2
-23 1
+23 1
cfi=(46)
cfn=(438)
calls=1 1017 
* 28
-23 3
92 3
+1 1
2325 1
93 1
2325 1
+4 4
+2 1
+7 4
cfi=(46)
cfn=(440)
calls=1 523 
* 149
+3 2
+4 3
+2 2
+33 3
cfi=(147) ./elf/./elf/dl-call-libc-early-init.c
cfn=(464) _dl_call_libc_early_init
calls=1 27 
* 603
+7 1
cfi=(9)
cfn=(480)
calls=1 147 
* 2
+3 3
cfi=(48)
cfn=(482) _dl_audit_activity_nsid
calls=1 41 
* 11
+4 2
cfi=(45)
cfn=(196)
calls=1 38 
* 7
+1 1
-1 1
+2 1
cfi=(45)
cfn=(150)
calls=1 116 
* 2
+1 1
+4 1
cfi=(67)
cfn=(484)
calls=1 525 
* 19
+5 8
2304 1
+1 1
-3 2
226 2
-2 1
+1 1
1773 1
+6 1
-6 2
+6 1
fi=(3)
56 5
+3 4
fi=(34) ./elf/../sysdeps/unix/sysv/linux/dl-vdso.h
-19 2
+1 5
fi=(35)
-11 1
+3 1
+3 1
+3 1
fi=(34)
+16 2
fi=(3)
+17 3
+12 3
+1 5
+1 5
+1 5
+1 4
+1 5
+1 5
+1 5
+12 2
+7 1
-7 7
+7 2
fe=(2)
1743 4
2357 1
cfi=(141) ./elf/./elf/dl-find_object.c
cfn=(442) _dl_find_object_init
calls=1 561 
* 581
+5 3
cfi=(7)
cfn=(450) __rtld_malloc_init_real
calls=1 76 
* 2479
+3 1
cfi=(145) ./elf/../sysdeps/nptl/dl-mutex.c
cfn=(458) __rtld_mutex_init
calls=1 30 
* 503
85 1
2371 1
+1 3
85 3
2372 2
cfi=(77)
cfn=(262)
calls=1 207 
* 1613
92 3
+9 3
2687 2
+2 1
+1 1
-1 1
+1 1
+1 1
2040 2
cfn=(246) init_tls
calls=1 734 
* 831
* 2
2650 2
+2 2
+1 1
fi=(3)
62 4
+2 4
fe=(2)
1943 10
85 1
1842 2
85 3
1842 2
cfn=(154) handle_preload_list
calls=1 869 
* 3098
* 1
92 3
+9 3
1943 6
+1 1
-1 1
+4 3
+1 1
+1 2
+1 2
-7 2

fn=(154)
869 11
+5 1
-5 2
+5 2
-4 3
+7 3
cfi=(49) ./string/../string/strcspn.c
cfn=(156) strcspn
calls=1 32 
* 254
* 1
+1 3
+9 1
183 1
889 2
183 2
891 2
-80 1
+5 1
-6 1
-4 1
+10 2
-6 1
+4 1
+2 2
-5 1
+1 1
+4 1
cfi=(50)
cfn=(158) _dl_catch_error
calls=1 254 
* 2754
+1 3
+8 3
+67 1
-18 2
+21 9
-15 4
cfi=(29)
cfn=(82)
calls=1 210 
* 19
+1 2

fn=(246)
734 1
+6 1
-6 3
+2 2
+4 2
+11 1
fi=(28)
44 1
fe=(2)
746 1
+4 1
fi=(28)
44 1
cfi=(27)
cfn=(74)
calls=1 +36 
* 41
fe=(2)
761 1
-12 1
+6 1
-9 1
+11 1
+4 1
+2 3
-1 2
+3 8
+4 1
+2 1
-2 2
-5 1
-1 2
+10 3
+3 2
cfi=(46)
cfn=(248)
calls=1 97 
* 86
+3 1
cfi=(46)
cfn=(250)
calls=1 216 
* 79
+7 1
cfi=(46)
cfn=(252)
calls=1 417 
* 469
* 1
+1 2
+6 1
fi=(74) ./elf/../sysdeps/generic/dl-call_tls_init_tp.h
31 2
fe=(2)
793 1
fi=(74)
31 6
+2 1
cfi=(24)
cfn=(256)
calls=1 +35 
* 79
fe=(2)
800 1
-3 1
+3 4
-36 3
-1 7

fn=(2) _dl_start
517 16
85 1
547 4
85 1
543 1
fi=(6)
55 1
fe=(2)
+30 1
546 1
85 1
fi=(3)
-40 1
fe=(2)
546 1
fi=(3)
45 2
+23 18
-23 72
+4 36
+3 5
-1 10
+3 20
+1 16
+1 5
fi=(4) ./elf/../sysdeps/generic/ldsodefs.h
+23 1
fi=(3)
+31 1
-38 3
+12 4
+1 3
+1 4
+1 4
+1 5
+1 3
+1 4
+1 4
+12 7
+7 2
-51 4
+64 3
+6 3
+1 3
+3 2
+1 3
+5 5
+3 5
fe=(2)
563 154
fi=(4)
79 1
fe=(2)
563 1
fi=(4)
79 2
fe=(2)
563 27
fi=(6)
287 3
fi=(5) ./elf/./elf/do-rel.h
49 1
fe=(2)
563 1
fi=(5)
50 1
-1 2
+4 1
-3 1
+3 4
+3 2
-7 1
fe=(2)
563 1
fi=(5)
50 1
-1 2
+4 1
-3 1
+3 4
+3 2
+7 3
+2 3
-2 6
fi=(6)
278 3
fi=(5)
64 6
fi=(6)
278 6
+9 24
+3 6
+1 6
+26 8
+6 2
fi=(5)
61 13
fe=(2)
563 6
fi=(5)
51 1
fi=(4)
+28 2
fi=(3)
-17 4
+2 4
fe=(2)
565 1
+13 1
cfi=(7)
cfn=(12) __rtld_malloc_init_stubs
calls=1 42 
* 10
458 2
85 1
476 2
85 3
476 1
cfi=(8)
cfn=(14)
calls=1 25 
* 27
+2 1
+16 2
-17 1
+11 1
-10 1
+16 1
cfi=(9)
cfn=(16)
calls=1 102 
* 135253
* 1
+2 2
+89 9
fi=(3)
103 3
fe=(2)

fn=(164) map_doit
641 2
+2 1
-2 4
+2 1
+1 2
-1 2
+1 3
cfi=(30)
cfn=(166)
calls=1 1967 
* 2643
* 1
+2 3

fl=(57)
fn=(182)
47 12
+3 24
-3 72
+6 24
+5 72
+2 48
-7 29

fl=(55)
fn=(178)
30 3
+9 12
+33 3

fl=(15)
fn=(34)
37 1
+2 3
+2 1
cfi=(16)
cfn=(36)
calls=1 682 
* 7344

fn=(462) __x86_cpu_features
71 1
-32 3
+32 2

fl=(49)
fn=(156)
32 6
+1 3
+1 2
+5 6
+1 4
+1 4
+1 4
+2 1
+3 3
+1 2
-1 6
+1 4
+3 4
+1 4
+1 4
+1 4
+2 3
+6 1
-1 1
+1 1
+2 2
-1 2
+2 1
+2 6
-5 12
-1 12
+1 12
+2 24
-1 24
+2 12
+2 72
+2 1
+1 3
+1 2
-1 1
+1 1

fl=(52)
fn=(168)
68 98
+1 28
cfi=(32)
cfn=(94)
calls=14 +29 
* 440
* 28
+3 14
+2 28
+6 15
-6 30
+1 54
cfi=(32)
cfn=(94)
calls=18 +23 
* 592
* 36
+8 3
-13 3
+13 20
-1 11
+1 33

fn=(216)
36 2
+3 1
-3 7
+3 1
-3 2
+3 1
cfi=(53)
cfn=(172)
calls=1 -11 
* 20
+1 2
+23 8
-21 4
cfi=(55)
cfn=(178)
calls=1 -12 
* 6
* 2
+2 2
+3 2
+13 2
cfi=(62)
cfn=(194)
calls=1 -35 
* 6
* 1
-11 6
cfi=(57)
cfn=(182)
calls=1 -2 
* 26
* 2

fl=(7)
fn=(12)
42 1
+1 2
+1 2
+1 2
+1 2
+1 1

fn=(454) lookup_malloc_symbol
61 8
+3 4
-3 12
+3 4
-3 12
+3 4
-3 4
+2 4
+1 16
cfi=(78) ./elf/./elf/dl-lookup.c
cfn=(270) _dl_lookup_symbol_x
calls=4 772 
* 2196
+4 28
+1 28
+2 4
fi=(144) ./elf/./dl-sym-post.h
-30 8
+12 12
fe=(7)
+19 24

fn=(450)
76 2
+10 1
fi=(143) ./elf/../sysdeps/generic/dl-hash.h
-41 1
-1 1
fe=(7)
+32 8
+11 1
-1 1
fi=(143)
-43 1
+5 3
+14 4
-17 3
+3 15
+14 20
-17 15
fe=(7)
+46 2
fi=(143)
-24 1
fe=(7)
+22 1
+2 2
fi=(143)
-19 1
fe=(7)
+19 1
cfn=(454)
calls=1 -30 
* 574
+1 3
-1 1
+1 1
cfn=(454)
calls=1 -31 
* 563
+1 3
-1 1
+1 1
cfn=(454)
calls=1 -32 
* 648
+1 3
-1 1
+1 1
cfn=(454)
calls=1 -33 
* 583
+5 1
+1 1
+1 1
+1 1
+1 8

fn=(134)
239 2
+3 4
+2 2
+1 4
+4 3
-2 2
+4 28
+5 84
-2 56
+13 1
+4 4
-22 14
+15 14
-15 30

fl=(37)
fn=(108)
172 6
+3 1
-3 3
+3 1
-3 5
+2 1
cfi=(38)
cfn=(110)
calls=1 29 
* 49
+1 1
fi=(40) ./elf/./dl-hwcaps.h
43 1
fe=(37)
174 1
fi=(40)
45 2
+32 1
+1 1
+1 1
fe=(37)
-27 2
cfi=(39)
cfn=(114)
calls=1 -1 
* 23
* 2
fi=(40)
-9 1
+2 1
-2 1
+34 2
+1 2
+1 1
fe=(37)
-24 2
-1 2
+1 2
+1 2
+1 2
-5 4
cfi=(39)
cfn=(114)
calls=2 -1 
* 130
* 2
cfi=(39)
cfn=(114)
calls=1 -1 
* 125
* 6
+48 4
fi=(28)
-44 2
cfi=(27)
cfn=(78)
calls=1 -20 
* 30
fe=(37)
+46 2
-2 1
+2 1
+3 1
+3 1
fi=(40)
-65 1
+2 1
fe=(37)
+67 1
fi=(40)
-66 1
fe=(37)
+66 2
cfi=(39)
cfn=(120)
calls=1 -87 
* 13
* 2
fi=(40)
-69 1
+2 1
-2 1
+34 2
+1 2
+1 1
fe=(37)
+48 10
+1 4
+1 2
+1 2
-1 2
-4 4
cfi=(39)
cfn=(114)
calls=2 -74 
* 130
* 2
cfi=(39)
cfn=(114)
calls=1 -74 
* 125
* 6
+8 3
+9 5
+3 8
-2 6
+14 1
+4 1
+1 1
+1 1
-20 3
+19 1
+1 1
-20 2
+8 2
+4 2
-4 3
+4 2
cfi=(42)
cfn=(122)
calls=1 -96 
* 19
+1 3
-14 8
+47 1
-4 2
+4 2
-3 1
+7 1
-7 2
+7 1
fi=(28)
56 1
cfi=(27)
cfn=(78)
calls=1 -20 
* 30
* 1
fe=(37)
194 2
+8 1
fi=(40)
43 1
fe=(37)
201 1
80 1
fi=(40)
-35 1
fe=(37)
+35 1
202 1
fi=(40)
77 1
+1 1
fe=(37)
202 3
fi=(40)
79 1
fe=(37)
-2 2
cfi=(39)
cfn=(114)
calls=1 -26 
* 23
* 2
fi=(40)
-34 1
+2 1
fe=(37)
+35 2
fi=(40)
-37 1
+34 2
+1 2
+1 3
fe=(37)
+1 4
+7 2
-7 8
cfi=(29)
cfn=(126)
calls=2 197 
* 26
+4 2
+2 2
+2 2
-2 4
-9 4
cfi=(39)
cfn=(114)
calls=2 -26 
* 130
* 2
cfi=(39)
cfn=(114)
calls=1 -26 
* 125
* 6
213 2
-5 1
+1 1
-1 1
+5 1
+3 9

fl=(64)
fn=(206) openaux
61 12
+7 2
-4 6
+1 2
-1 14
cfi=(30)
cfn=(166)
calls=2 1967 
* 5161
* 2
+5 6

fn=(202)
143 4
+1 2
-1 1
+1 1
-1 2
+1 1
-1 1
+1 1
-1 4
+1 3
-1 1
+1 7
-8 1
+8 2
-8 1
-6 1
-2 1
+16 1
-8 1
-7 1
+1 1
+6 1
+24 4
-28 3
-2 1
+31 1
-33 2
+2 2
+30 2
-30 1
-1 4
+7 4
+24 3
+28 3
-6 1
+46 1
fi=(72) ./elf/../include/scratch_buffer.h
77 1
fe=(64)
+87 1
fi=(72)
-87 1
+1 1
fe=(64)
184 1
+44 4
-31 1
-4 1
+4 5
-4 3
+4 6
+11 12
-18 2
+18 4
417 8
+2 2
+3 2
-3 6
+3 2
-3 2
fi=(28)
56 2
cfi=(27)
cfn=(78)
calls=2 -20 
* 60
fe=(64)
423 6
fi=(28)
56 2
fe=(64)
423 2
+6 2
+1 10
cfi=(29)
cfn=(82)
calls=2 210 
* 22
+1 10
cfi=(29)
cfn=(82)
calls=2 210 
* 22
+3 2
+1 4
+4 12
188 6
442 9
-1 4
+1 8
183 6
+27 8
+7 2
+4 2
-6 2
+1 2
+1 2
+1 4
+3 6
-2 2
-29 10
+32 112
+6 8
cfi=(30)
cfn=(204)
calls=2 +10 
* 118
* 6
+4 4
-2 2
+2 4
cfi=(50)
cfn=(160) _dl_catch_exception
calls=2 -28 
* 5337
+1 4
+9 2
+2 4
+5 10
+6 2
+2 2
-8 4
+3 2
+1 2
+1 2
+1 2
+4 2
-3 2
+3 6
+4 6
+1 3
-43 230
+7 4
+38 162
fi=(72)
85 3
fe=(64)
448 5
+1 1
+3 4
+11 5
fi=(28)
56 1
cfi=(27)
cfn=(78)
calls=1 -20 
* 30
fe=(64)
465 3
fi=(28)
56 1
fe=(64)
465 1
+5 2
+1 1
-1 3
+4 3
-2 2
+13 3
+5 3
-16 9
+11 3
-7 3
+7 3
-2 6
-5 1
+7 1
-2 2
+2 1
-11 1
+11 1
+5 1
-16 3
+21 3
+37 2
+15 2
-14 2
+20 1
-1 4
+1 4
-1 5
cfi=(13)
cfn=(232)
calls=1 298 
* 277
+5 1
+2 1
+1 1
+1 2
-2 1
+2 1
+7 3
+3 2
+3 8
198 25
+3 2
fi=(72)
-70 8
cfi=(71) ./malloc/./malloc/scratch_buffer_set_array_size.c
cfn=(228) __libc_scratch_buffer_set_array_size
calls=2 30 
* 50
fe=(64)
+70 6
+4 4
547 4
cfi=(29)
cfn=(82)
calls=1 210 
* 11
* 3
-53 2
144 2

fl=(54)
fn=(174)
25 2
+1 8
+1 2

fl=(45)
fn=(196)
38 3
+3 3
-1 6
+4 6
+4 3

fn=(144)
56 3
+3 2
+4 1
+22 1
+10 1
-32 2
+1 1
+21 2
+5 2
+1 1
+4 1
-4 1
-1 1
+2 1
+3 1
+4 2
+8 2
-50 1
+4 2
+35 6

fn=(150)
116 2
+1 2

fl=(26)
fn=(72)
59 45
+3 6
+18 4
+3 2
cfi=(22)
cfn=(62)
calls=2 -26 
* 52
+4 2
-4 2
+4 2
+5 2
-9 6
fi=(28)
-39 4
cfi=(27)
cfn=(74)
calls=2 +36 
* 183
fe=(26)
+39 1
fi=(28)
-39 2
cfi=(27)
cfn=(74)
calls=1 +36 
* 47
* 3
fe=(26)
+51 6
+5 3
+4 3
-6 3
+2 3
+4 3
-5 3
+4 3
+1 3
-1 3
+1 6
cfi=(29)
cfn=(82)
calls=3 210 
* 44
* 3
+15 3
-15 3
+2 3
+13 6
+6 1
+2 7
+3 2
-3 14
+3 4
+2 3
+4 3
+3 10
+2 12
-2 8
+2 8
-2 16
+16 6
-5 3
+5 3
-6 3
+6 3
-6 3
+6 6
+2 4
+3 4
-3 4
+7 8
+4 6
+8 1
+13 1
-10 2
+10 5
-10 4
+10 6
+2 2
cfi=(22)
cfn=(62)
calls=2 57 
* 70
+21 2
-21 6
+17 2
-13 6
+50 6
cfi=(29)
cfn=(126)
calls=2 -48 
* 34
* 2
+5 4
+1 4
-1 80
+1 80
+4 4
+1 2
+3 2
+4 27
131 6
-8 2
-4 4
+34 1
+7 4
+8 8
fi=(28)
56 4
cfi=(27)
cfn=(78)
calls=2 -20 
* 60
* 2
fe=(26)
200 4
-1 4
64 2
+2 3
+1 2
+4 6
+6 2

fn=(84)
31 12
+2 3
-2 6
+2 3
-2 9
+2 3
cfi=(24)
cfn=(86)
calls=3 +9 
* 9
+2 26
+3 20
+2 2
+2 2
+4 2
+4 2
-4 4
+1 4
+1 4
+3 10
-1 2
cfi=(24)
cfn=(86)
calls=2 -8 
* 6
-4 1
+4 1
-4 2
+1 2
+1 2
+3 5
-1 1
cfi=(24)
cfn=(86)
calls=1 -8 
* 3
-5 2

fl=(58)
fn=(184)
33 2
+2 7
-2 4
+7 1
-7 2
+7 1
-7 2
+7 1
-7 1
+7 1
cfi=(11)
cfn=(28)
calls=1 387 
* 24
* 3
+7 1
+2 6

fl=(222) ./elf/./elf/dl-fini.c
fn=(882) _dl_fini
26 5
+17 1
-17 6
+20 13
+3 2
cob=(2)
cfi=(223) ./nptl/./nptl/pthread_mutex_lock.c
cfn=(884) pthread_mutex_lock@@GLIBC_2.2.5
calls=1 +28 
* 44
+2 1
+3 2
+2 5
+7 3
-2 1
+2 1
cfi=(48)
cfn=(482)
calls=1 -22 
* 11
+5 15
+5 1
-5 1
+5 3
+2 8
+2 8
+2 8
+1 4
+1 4
+4 4
-12 12
+14 6
+1 4
+6 6
cfi=(13)
cfn=(232)
calls=1 298 
* 317
+9 2
cob=(2)
cfi=(224) ./nptl/./nptl/pthread_mutex_unlock.c
cfn=(886) pthread_mutex_unlock@@GLIBC_2.2.5
calls=1 367 
* 34
+5 6
+2 1
+2 2
-2 3
+2 6
+2 16
cfi=(225) ./elf/./elf/dl-call_fini.c
cfn=(888) _dl_call_fini
calls=4 -90 
* 328
+3 8
cfi=(48)
cfn=(914) _dl_audit_objclose
calls=4 -20 
* 20
-9 8
+14 4
-14 12
+18 3
cfi=(48)
cfn=(482)
calls=1 -85 
* 11
* 2
+6 4
+2 1
-2 2
+6 2
+7 8
-77 2

fl=(141)
fn=(446) _dlfo_process_initial
474 2
+3 2
-3 6
+1 2
+3 4
+26 14
+1 6
+1 8
-1 16
+3 28
+3 24
-7 10
+27 2
-2 2
+2 6
-18 18
+3 6
-1 6
cfi=(142) ./elf/./dl-find_object.h
cfn=(444) _dl_find_object_from_map
calls=3 95 
* 189
+2 12

fn=(448) _dlfo_sort_mappings
536 1
+1 2
+3 4
+4 1
+1 1
-1 1
+1 2
-1 1
+1 1
-1 1
+1 6
+1 15
+3 2
-1 2
-3 9
+8 6
+1 4
-1 2
-13 4
+14 6
+1 4
-15 4
+17 1

fn=(442)
561 2
+3 1
-3 3
+5 2
+13 1
cfn=(446)
calls=1 474 
* 81
+1 1
-1 1
+1 1
fi=(28)
56 1
cfi=(27)
cfn=(78)
calls=1 -20 
* 30
fe=(141)
580 1
fi=(28)
56 1
fe=(141)
582 2
+3 2
+5 1
+1 1
cfn=(446)
calls=1 474 
* 282
+3 3
+10 4
-37 2
cfi=(142)
cfn=(444)
calls=1 95 
* 68
* 1
+29 2
cfn=(448)
calls=1 -60 
* 80
+3 6
+2 1

fl=(11)
fn=(58)
153 15
-81 40
+81 15
-81 10
+10 5
fi=(234) ./elf/./dl-tunable-types.h
+2 5
fe=(11)
+9 40
+1 25
fi=(12) ./elf/./elf/dl-tunables.h
+47 10
fe=(11)
-26 25
+1 5
+1 5
+1 5
+39 15
fi=(12)
-15 10
fe=(11)
-45 10
+3 5
fi=(12)
+51 5
fe=(11)
-51 5
+4 10
+7 10
+1 10
-12 25

fn=(28)
387 36
+3 72
-3 36
+3 288
+9 33
-9 66
+19 22
+7 216
+2 36
-19 14
+1 14
+9 6

fn=(22)
261 8
+22 1
-22 1
128 1
283 1
-22 1
+6 4
42 160
+6 31
-3 31
+3 2272
+4 62
+4 62
fi=(12)
160 31
fe=(11)
56 62
fi=(12)
161 20
-1 91
+1 113
-1 62
fe=(11)
281 5084
+6 9207
fi=(12)
160 310
+1 620
-1 25
+1 100
-1 125
fe=(11)
304 8

fl=(77)
fn=(262)
207 55
+1 10
+12 4
+4 16
-4 4
+6 12
+3 4
-1 4
+1 8
+22 20
+4 4
+7 6
fi=(6)
81 8
fi=(4)
-2 4
fe=(77)
301 8
fi=(4)
79 8
fe=(77)
301 9833
fi=(4)
79 1
fe=(77)
301 1
fi=(4)
79 2
fe=(77)
301 154
-80 8
fi=(6)
393 8
fe=(77)
190 4
+31 4
-31 4
fi=(6)
393 12
fi=(5)
49 4
fe=(77)
301 4
fi=(5)
50 4
+30 4
-31 8
+4 4
-3 4
+3 4
-3 4
+3 12
+27 8
-31 4
fe=(77)
301 4
fi=(5)
50 4
+30 4
-31 8
+4 4
-3 4
+3 4
-3 4
+3 12
+27 8
fe=(77)
301 24
fi=(5)
51 4
fi=(4)
+28 20
fi=(6)
730 8
+4 6
fe=(77)
304 20
+24 4
+3 8
+17 12
+2 40
-98 8
+3 4
+7 2
-9 2
+9 4
fi=(6)
81 4
fi=(5)
+33 24
+9 14
+1 2
fi=(6)
498 2
fi=(5)
124 2
fi=(6)
498 4
fi=(5)
124 4
fi=(6)
498 4
fi=(5)
124 4
fi=(6)
498 8
+5 12
+1 6
fi=(5)
123 6
fi=(6)
504 6
-5 6
fi=(5)
123 12
+3 24
+3 24
+2 21
fe=(77)
+59 6
fi=(5)
73 3
fe=(77)
190 3
fi=(5)
72 3
fe=(77)
190 27
fi=(5)
-57 6
+1 3
+1 3
-2 3
+2 3
+3 3
-5 3
+2 3
-2 3
+1 6
+2 3
-2 3
+2 9
+2 6
-5 330
+1 165
+1 165
-2 165
+2 165
+3 165
-5 165
+2 165
-2 165
+1 330
+2 165
-2 165
+2 495
+2 330
+9 121
fi=(6)
267 242
+7 242
+4 242
fe=(77)
170 484
fi=(4)
-30 318
fe=(77)
+31 212
+3 212
+8 198
-8 885
+12 196
-3 98
+1 98
+2 394
-3 1
+1 1
+2 103
+1 99
-1 99
+2 198
-1 396
+3 594
cfi=(78)
cfn=(270)
calls=99 772 
* 54411
+3 99
+1 198
-4 99
+4 495
fi=(6)
+93 421
+3 103
-3 324
+3 118
-3 118
+5 238
+25 726
423 24
fi=(5)
150 24
fi=(6)
423 194
fi=(5)
150 323
-19 681
+33 12
+1 64
+1 189
+3 94
+4 47
-1 47
-3 47
+2 94
+2 47
-2 94
fe=(77)
-1 188
fi=(6)
287 47
+3 47
-3 47
+4 94
476 94
+2 47
cfi=(15)
cfn=(462)
calls=1 71 
* 6
cob=(2)
cfi=(139) ./string/../sysdeps/x86_64/multiarch/strncase.c
cfn=(432) strncasecmp
calls=1 31 
* 21
cob=(2)
cfi=(138) ./string/../sysdeps/x86_64/multiarch/mempcpy.c
cfn=(428) mempcpy
calls=1 33 
* 22
cob=(2)
cfi=(137) ./wcsmbs/../sysdeps/x86_64/multiarch/wcpcpy.c
cfn=(424) wcpncpy
calls=1 31 
* 18
cob=(2)
cfi=(136) ./string/../sysdeps/x86_64/multiarch/strspn.c
cfn=(422) strspn
calls=1 29 
* 7
cob=(2)
cfi=(134) ./string/../sysdeps/x86_64/multiarch/memchr.c
cfn=(418) memchr
calls=1 29 
* 23
cob=(2)
cfi=(133) ./string/../sysdeps/x86_64/multiarch/memmove.c
cfn=(414) memmove
calls=1 29 
* 22
cob=(2)
cfi=(132) ./string/../sysdeps/x86_64/multiarch/stpcpy.c
cfn=(410) stpcpy
calls=1 33 
* 17
cob=(2)
cfi=(131) ./debug/../sysdeps/x86_64/multiarch/memmove_chk.c
cfn=(406) __memmove_chk
calls=1 29 
* 22
cob=(2)
cfi=(129) ./wcsmbs/../sysdeps/x86_64/multiarch/wmemcmp.c
cfn=(402) wmemcmp
calls=1 29 
* 24
cob=(2)
cfi=(128) ./string/../sysdeps/x86_64/multiarch/strncpy.c
cfn=(398) strncpy
calls=1 29 
* 19
cob=(2)
cfi=(127) ./string/../sysdeps/x86_64/multiarch/strlen.c
cfn=(394) strlen
calls=1 29 
* 25
cob=(2)
cfi=(100) ./wcsmbs/../sysdeps/x86_64/multiarch/wcscat.c
cfn=(390) wcscat
calls=1 31 
* 18
cob=(2)
cfi=(126) ./string/../sysdeps/x86_64/multiarch/strcasecmp_l.c
cfn=(386) strcasecmp_l
calls=1 31 
* 21
cob=(2)
cfi=(125) ./string/../sysdeps/x86_64/multiarch/strcpy.c
cfn=(382) strcpy
calls=1 29 
* 17
cob=(2)
cfi=(123) ./wcsmbs/../sysdeps/x86_64/multiarch/wmemset.c
cfn=(378) wmemset
calls=2 31 
* 20
cob=(2)
cfi=(121) ./string/../sysdeps/x86_64/multiarch/memcmp.c
cfn=(374) bcmp
calls=1 29 
* 24
cob=(2)
cfi=(120) ./string/../sysdeps/x86_64/multiarch/strchrnul.c
cfn=(370) strchrnul
calls=1 31 
* 25
cob=(2)
cfi=(119) ./string/../sysdeps/x86_64/multiarch/strncase_l.c
cfn=(366) strncasecmp_l
calls=1 31 
* 21
cob=(2)
cfi=(117) ./string/../sysdeps/x86_64/multiarch/strcat.c
cfn=(362) strcat
calls=1 29 
* 17
cob=(2)
cfi=(116) ./wcsmbs/../sysdeps/x86_64/multiarch/wcscpy.c
cfn=(360) wcscpy
calls=1 60 
* 16
cob=(2)
cfi=(115) ./string/../sysdeps/x86_64/multiarch/strcspn.c
cfn=(358) strcspn
calls=1 29 
* 7
cob=(2)
cfi=(113) ./string/../sysdeps/x86_64/multiarch/strcasecmp.c
cfn=(354) strcasecmp
calls=1 31 
* 21
cob=(2)
cfi=(112) ./string/../sysdeps/x86_64/multiarch/strncmp.c
cfn=(352) strncmp
calls=1 67 
* 21
cob=(2)
cfi=(110) ./wcsmbs/../sysdeps/x86_64/multiarch/wmemchr.c
cfn=(348) wmemchr
calls=2 31 
* 46
cob=(2)
cfi=(108) ./string/../sysdeps/x86_64/multiarch/stpncpy.c
cfn=(344) stpncpy
calls=1 31 
* 19
cob=(2)
cfi=(107) ./wcsmbs/../sysdeps/x86_64/multiarch/wcscmp.c
cfn=(340) wcscmp
calls=1 30 
* 25
cob=(2)
cfi=(106) ./string/../sysdeps/x86_64/multiarch/strrchr.c
cfn=(336) rindex
calls=1 28 
* 25
cob=(2)
cfi=(104) ./debug/../sysdeps/x86_64/multiarch/memset_chk.c
cfn=(332) __memset_chk
calls=1 29 
* 24
cob=(2)
cfi=(103) ./string/../sysdeps/x86_64/multiarch/strchr.c
cfn=(330) index
calls=1 65 
* 19
cob=(2)
cfi=(100)
cfn=(324) wcschr
calls=2 31 
* 50
cob=(2)
cfi=(98) ./string/../sysdeps/x86_64/multiarch/memcmpeq.c
cfn=(320) memcpy@@GLIBC_2.14
calls=1 29 
* 22
cob=(2)
cfi=(96) ./wcsmbs/../sysdeps/x86_64/multiarch/wcsncpy.c
cfn=(316) wcsncpy
calls=1 31 
* 18
cob=(2)
cfi=(95) ./string/../sysdeps/x86_64/multiarch/memrchr.c
cfn=(312) memrchr
calls=1 29 
* 25
cob=(2)
cfi=(94) ./debug/../sysdeps/x86_64/multiarch/memcpy_chk.c
cfn=(308) __memcpy_chk
calls=1 29 
* 22
cob=(2)
cfi=(92) ./debug/../sysdeps/x86_64/multiarch/mempcpy_chk.c
cfn=(304) __mempcpy_chk
calls=1 29 
* 22
cob=(2)
cfi=(91) ./wcsmbs/../sysdeps/x86_64/multiarch/wcslen.c
cfn=(300) wcslen
calls=1 29 
* 19
cob=(2)
cfi=(89) ./string/../sysdeps/x86_64/multiarch/memset.c
cfn=(296) memset
calls=1 29 
* 24
cob=(2)
cfi=(87) ./wcsmbs/../sysdeps/x86_64/multiarch/wcsnlen.c
cfn=(292) wcsnlen
calls=1 30 
* 19
cob=(2)
cfi=(86) ./string/../sysdeps/x86_64/multiarch/strcmp.c
cfn=(290) strcmp
calls=1 79 
* 19
cob=(2)
cfi=(85) ./string/../sysdeps/x86_64/multiarch/strpbrk.c
cfn=(288) strpbrk
calls=1 29 
* 7
cob=(2)
cfi=(83) ./string/../sysdeps/x86_64/multiarch/strnlen.c
cfn=(284) strnlen
calls=2 31 
* 50
cob=(2)
cfi=(81) ./string/../sysdeps/x86/cacheinfo.c
cfn=(280) __x86_cacheinfo
calls=1 86 
* 28
fi=(5)
165 47
fi=(6)
479 47
fi=(5)
165 100
-14 87
fi=(6)
400 48
+2 64
+4 16
+9 16
-9 32
+9 16
fi=(5)
150 32
fi=(6)
320 29
+3 29
-36 75
fi=(5)
141 47
+1 47
-1 141
+2 47
fi=(6)
287 235
fe=(77)
175 63
+3 7
-1 7
+19 7
-18 14
fi=(6)
295 2
+1 3
+11 2
+7 1
cob=(2)
cfi=(86)
cfn=(290)
calls=1 79 
* 19
* 4
fe=(77)
+42 20
+3 4
-3 4
+3 4
+4 8
+1 16
cfi=(140)
cfn=(436)
calls=4 117 
* 24
* 8
-63 6
fi=(5)
180 7
fe=(77)
+10 2
fi=(5)
73 1
fe=(77)
190 3
fi=(6)
436 7
fi=(5)
182 2
+1 2
-1 1
+3 1
-3 4
+3 2
-3 10
+1 10
-1 5
+3 5
-3 20
+3 10
+8 6
fi=(6)
+74 12
+7 12
+4 12
fe=(77)
170 24
fi=(4)
-30 18
fe=(77)
+31 12
+3 12
+8 12
-8 54
+12 12
-3 6
+1 6
+2 36
+4 24
-4 6
+4 18
cfi=(78)
cfn=(270)
calls=6 772 
* 2969
+3 6
+1 12
-4 6
+4 30
fi=(6)
+93 20
+3 2
-3 6
+3 2
-3 2
+5 4
+25 36
423 6
fi=(5)
196 18
-16 24
+31 7
fe=(77)
-33 7
-3 21

fl=(44)
fn=(138)
40 18
+1 3
cfi=(22)
cfn=(62)
calls=3 +16 
* 87
* 3
fi=(235) ./string/../include/rtld-malloc.h
+15 6
cfi=(27)
cfn=(78)
calls=3 -20 
* 90
fe=(44)
-12 6
+3 9
+1 9
-1 3
cfi=(29)
cfn=(82)
calls=3 210 
* 41

fl=(76)
fn=(492) _dl_cet_setup_features
331 1
+3 2
+16 1

fn=(260)
361 8
-76 1
-10 2
+2 2
-1 1
+6 1
+3 1
+8 1
-11 1
+1 1
-1 1
+1 1
-1 1
+1 1
+10 4
+3 1
+4 2
+2 2
-1 1
+2 2
+2 2
-1 2
+4 1
+2 1
+3 2
145 2
+12 2
+16 1
+6 1
363 6

fl=(50)
fn=(236)
186 2
58 1
186 4
+2 1
-2 1
58 1
+1 1
+11 1
192 1
+2 1
cfi=(2)
cfn=(238)
calls=1 674 
* 3812
69 2
+1 1
198 1
-1 1
+1 3

fn=(160)
204 18
58 3
204 6
+3 6
+22 3
-1 3
+1 3
58 6
235 9
cfi=(51)
cfn=(162)
calls=3 31 
* 72
* 9
+2 9
cfi=(64)
cfn=(206)
calls=2 61 
* 5205
cfi=(2)
cfn=(164)
calls=1 641 
* 2662
69 3
+1 3
-1 3
+1 3
239 12
-25 3
+34 9
59 6
+11 9

fn=(158)
254 6
+2 1
-2 6
+2 1
cfn=(160)
calls=1 -52 
* 2728
+1 2
+1 1
+1 1
-1 1
+1 1
+2 6

fl=(63)
fn=(200)
25 1
+2 7
+4 1

fl=(71)
fn=(228)
30 26
+4 2
+1 4
+10 4
+18 2
-17 2
+17 10

fl=(142)
fn=(444)
95 8
+1 8
+1 4
+6 20
+1 119
+1 82
+2 12
+5 4

fl=(146) ./elf/./elf/dl-lookup-direct.c
fn=(460) _dl_lookup_direct
74 30
+2 3
-2 6
+4 3
-4 3
+2 3
+2 9
+37 3
-37 9
+1 6
+2 12
+3 25
+2 6
-54 3
+54 3
-54 3
+54 3
-54 9
+1 9
+2 6
+1 6
+12 9
+3 3
+2 6
-2 3
+2 9
cfi=(32)
cfn=(94)
calls=3 +45 
* 209
* 6
+4 6
+1 3
-1 3
+1 18
+1 9
cfi=(32)
cfn=(94)
calls=3 +39 
* 198
* 6
+57 27
-23 6

fl=(78)
fn=(270)
772 654
+3 109
-3 327
+3 109
-3 436
fi=(79) ./elf/../sysdeps/generic/dl-new-hash.h
74 109
+3 218
-8 109
+1 218
+10 109
+1 218
-1 671
+1 1342
+20 731
-2 731
+6 731
-3 1462
+2 731
-30 731
+3 1462
fe=(78)
774 109
+1 109
+3 109
-4 109
+1 109
+7 418
+5 109
-2 109
+2 109
-2 109
+6 1561
+1 1526
cfn=(274) do_lookup_x
calls=109 347 
* 39238
* 327
+28 109
-23 327
+23 109
-23 218
+24 596
+7 102
-7 102
+35 408
+34 408
-20 306
+3 204
-57 109
+76 981
fi=(79)
87 49
+1 49
+1 98
+1 49
fe=(78)
871 2
-72 42
+18 21
+11 28

fn=(276) check_match
70 1560
+3 620
+13 102
-13 102
+13 102
-13 102
+13 306
+3 364
cfi=(32)
cfn=(94)
calls=40 +9 
* 2089
* 80
+4 102
+1 204
+2 200
+19 200
+1 800
+45 102
+1 832
-18 4
+2 4
+1 2
-1 4
+1 6
-1 4
-29 300
cfi=(32)
cfn=(94)
calls=100 -19 
* 2753
* 200
-44 8
+5 4

fn=(274)
347 981
+1 109
-1 436
+6 109
-6 109
+65 109
-58 109
+11 109
+50 109
-3 218
+3 218
-50 109
+50 436
-19 1065
+8 355
-4 355
+1 355
+3 1420
+1 710
+3 355
-3 355
+4 710
+4 710
-2 355
+5 1420
+3 2485
+99 759
358 710
+3 710
+4 710
+21 710
+4 710
+71 816
fi=(4)
139 204
+1 306
fe=(78)
476 204
fi=(80) ./elf/../sysdeps/generic/dl-protected.h
29 408
fe=(78)
483 780
+16 204
+1 102
+22 102
-21 102
+21 714
-99 312
-1 208
+2 208
+2 104
+6 416
-6 104
+6 728
+7 387
-10 1155
+2 104
+1 312
-1 104
+1 208
-1 104
+1 104
+1 104
-1 104
+1 104
-1 728
cfn=(276)
calls=104 70 
* 11156
+4 312
+3 4
+31 16
+52 7
-1 7
+1 49
-35 27

fl=(43)
fn=(130)
132 7
+1 35
+5 7
+1 7
+3 2
+1 2
244 2
+1 2
+12 2
+3 2
+1 2
+12 2
+1 2
+13 2
+1 2
+2 2
+3 1
+3 2
+3 1
+1 1
+1 1
+1 1
+1 1
+1 1
+1 1
-6 34
+1 34
+1 34
+1 34
+1 34
+1 34
+1 34
+3 2
+1 2
+1 2
+1 2
+5 2
+34 5
+2 5
+1 5
+39 5
+1 5
+2 5

fl=(29)
fn=(82)
210 16
+1 16
+6 16
+1 16
+2 10
+1 10
+1 10
+2 7
+1 7
+1 7
+2 7
+80 6
+1 6
+2 1
+4 1
+1 1
+1 1
+1 1
+1 1
+4 1
+2 1
+39 5
+1 5
+1 5
+1 5
+1 5
+7 3
+1 3
+1 3
+1 3
+1 3
+1 3
+1 3
+11 3
+1 3
+2 3
+1 3
+1 3

fn=(126)
197 13
+1 13
+1 13
+1 13
+17 13
+1 13
+2 5
+1 5
+1 5
+2 4
+1 4
+1 4
+2 4
+80 8
+1 8
+2 1
+4 1
+1 1
+1 1
+8 1
+39 7
+1 7
+1 7
+1 7
+1 7
+7 1
+1 1
+1 1
+1 1
+1 1
+1 1
+1 1
+11 1
+1 1
+2 1
+1 1
+1 1

fl=(48)
fn=(482)
41 3
+4 12
+1 3
+1 15

fn=(198)
77 2
+1 8

fn=(542) _dl_audit_preinit
118 1
+1 4

fn=(914)
97 4
+1 16

fn=(152)
29 2
+2 1
-2 5
+1 1
+1 2
+6 6

fl=(1) ???
fn=(0) 0x000000000001f540
0 2
cfi=(2)
cfn=(2)
calls=1 517 
0 135926
0 8
cfi=(76)
cfn=(492)
calls=1 331 
0 4
0 10
cfi=(155) ./elf/./elf/dl-init.c
cfn=(496) _dl_init
calls=1 81 
0 393
0 3
cob=(5)
cfi=(161)
cfn=(522)
calls=1 0 
0 4472465

fl=(147)
fn=(464)
27 1
+2 2
-2 1
+6 3
-6 3
+6 1
-6 2
+6 1
cfi=(146)
cfn=(460)
calls=1 +41 
* 225
+4 2
+2 3
+2 1
-1 1
-1 1
+2 2
-1 1
cob=(2)
cfi=(148) ./elf/./elf/libc_early_init.c
cfn=(466) __libc_early_init
calls=1 -7 
* 353

fl=(225)
fn=(888)
24 32
+4 8
+6 4
-2 4
+3 8
+3 2
+1 2
-1 2
+1 4
+3 8
+1 2
cob=(4)
cfi=(156)
cfn=(916)
calls=1 -43 
* 98
cob=(5)
cfi=(161)
cfn=(890)
calls=1 -43 
* 98
-1 8
+5 4
+1 8
+1 4
+1 10
-1 2
cob=(3)
cfi=(153)
cfn=(932) 0x000000000483d294
calls=1 -49 
* 4
cob=(3)
cfi=(153)
cfn=(912) 0x000000000010a2c0
calls=1 -49 
* 4
+1 12

fl=(70)
fn=(224)
25 4
+1 8
+1 2

fl=(155)
fn=(498) call_init.part.0
26 48
+17 4
+3 4
-3 8
+3 8
+5 6
+8 9
+1 6
cob=(3)
cfi=(153)
cfn=(500) 0x000000000483d000
calls=1 -60 
* 7
+3 3
+1 6
+6 4
+2 4
-2 2
+3 13
+1 4
cob=(2)
cfi=(160) ./libio/./libio/vtables.c
cfn=(518) check_stdfiles_vtables
calls=1 545 
* 12
* 8
cob=(2)
cfi=(157) ./csu/./csu/init-first.c
cfn=(510) _init_first
calls=1 -28 
* 72
cob=(4)
cfi=(156)
cfn=(504)
calls=1 -74 
* 12
-1 9
+3 32
-29 2

fn=(496)
81 13
+1 1
+1 1
+3 3
+8 2
+25 1
+1 8
+1 8
-92 8
+6 12
+2 17
+83 6
cfn=(498)
calls=3 -94 
* 206
* 6
+7 8
-98 2
+60 2
-54 3
+2 7
cfn=(498)
calls=1 -11 
* 77
* 2

fl=(8)
fn=(14)
25 4
+3 4
-3 4
+3 8
+3 12
+1 8
+2 4
-1 4
+3 12
+1 4
+1 8
+7 4
-5 4
-2 4
+3 8
+2 4
+2 8
+5 4

fl=(32)
fn=(94)
98 189
+33 189
+1 189
+2 189
+1 189
+21 189
+1 189
+1 158
+1 158
+1 151
+1 151
+1 151
+1 151
+17 151
+1 151
+1 151
+1 151
+1 151
+1 151
+1 151
+5 12
+1 36
+9 12
+1 12
+1 12
+1 12
+1 12
+1 12
+1 12
+1 12
-7 38
+1 38
+1 38
+1 38
+1 38
+1 38
+1 38
+1 38
+1 48
+1 21
+1 21
+1 21
+2 21
+1 21
+1 21
+1 21
+1 21
+1 21
-5 27
+1 27
+1 27
+1 27
+1 27
+1 27
+10 2
+1 2
+1 2
+2 2
+6 2
+1 2
+1 2
+1 2
+1 2
+5 2
+52 6
+1 6
+1 6
+1 6
+1 6
+2 6
+1 6
+1 6
+1 6
+1 6
+1 6
+1 6
+1 6
+3 6
+1 6
+1 6
+6 6
+1 6
+1 12
+4 6
+1 6
+3 6
+1 6
+1 6
+2 6
+1 6
+1 6
+4 6
+1 6
+1 6
+1 6
+1 6
+1 6
542 1
+1 1
+1 1
+1 1
+1 1
+2 1
+1 1
+1 1
+1 1
+1 1
+1 1
+1 1
+1 1
+4 1
+1 1
+1 1
+6 1
+1 1
+1 2
+4 1
+1 1
+3 1
+1 1
+1 1
+2 1
+1 1
+1 1
+4 1
+1 1
+1 1
+1 1
+1 1
+1 1
+69 1
+1 1
+1 1
+1 1
+1 1
+2 1
+1 1
+1 1
+1 1
+1 1
+1 1
+1 1
780 1
+1 1
+1 1
+1 1
+1 1
+2 1
+1 1
+1 1
+1 1
+1 1
+1 1
+1 1
899 4
+1 4
+1 4
+1 4
+1 4
+2 4
+1 4
+1 4
+1 4
+1 4
+1 4
+1 4
+1 3
+4 3
+1 3
+1 3
+6 3
+1 3
+1 6
+4 3
+1 3
+3 3
+1 3
+1 3
+2 3
+1 3
+1 3
+4 3
+1 3
+1 3
+1 3
+1 3
+1 3
+7 1
+1 1
+2 1
+1 1
+2 1
+1 1
+1 1
+2 1
+1 1
+1 1
+4 1
+1 1
+1 1
+1 1
+1 1
+1 1
+41 2
+1 2
+1 2
+1 2
+1 2
+2 2
+1 2
+1 2
+1 2
+1 2
+1 2
+1 2
+1 2
+4 2
+1 2
+1 2
+6 2
+1 2
+1 4
+4 2
+1 2
+3 2
+1 2
+1 2
+2 2
+1 2
+1 2
+4 2
+1 2
+1 2
+1 2
+1 2
+1 2
+69 3
+1 3
+1 3
+1 3
+1 3
+2 3
+1 3
+1 3
+1 3
+1 3
+1 3
+1 3
1256 4
+1 4
+1 4
+1 4
+1 4
+2 4
+1 4
+1 4
+1 4
+1 4
+1 4
+1 4
1375 6
+1 6
+1 6
+1 6
+1 6
+2 6
+1 6
+1 6
+1 6
+1 6
+1 6
+1 6
+1 2
+4 2
+1 2
+1 2
+6 2
+1 2
+1 4
+4 2
+1 2
+3 2
+1 2
+1 2
+2 2
+1 2
+1 2
+4 2
+1 2
+1 2
+1 2
+1 2
+1 2
+69 3
+1 3
+1 3
+1 3
+1 3
+2 3
+1 3
+1 3
+1 3
+1 3
+1 3
+1 3
+1 3
+4 3
+1 3
+1 3
+6 3
+1 3
+1 6
+4 3
+1 3
+3 3
+1 3
+1 3
+2 3
+1 3
+1 3
+4 3
+1 3
+1 3
+1 3
+1 3
+1 3
+69 1
+1 1
+1 1
+1 1
+1 1
+2 1
+1 1
+1 1
+1 1
+1 1
+1 1
+1 1
+1 1
+4 1
+1 1
+1 1
+6 1
+1 1
+1 2
+4 1
+1 1
+3 1
+1 1
+1 1
+2 1
+1 1
+1 1
+4 1
+1 1
+1 1
+1 1
+1 1
+1 1
+7 1
+1 1
+2 1
+1 1
+2 1
+1 1
+1 1
+2 1
+1 1
+1 1
+4 1
+1 1
+1 1
+1 1
+1 1
+1 1
+41 10
+1 10
+1 10
+1 10
+1 10
+2 10
+1 10
+1 10
+1 10
+1 10
+1 10
+1 10
+1 8
+4 8
+1 8
+1 8
+6 8
+1 8
+1 16
+4 8
+1 8
+3 8
+1 8
+1 8
+2 8
+1 8
+1 8
+4 8
+1 8
+1 8
+1 8
+1 8
+1 8
+7 1
+1 1
+2 1
+1 1
+2 1
+1 1
+1 1
+2 1
+1 1
+1 1
+4 1
+1 1
+1 1
+1 1
+1 1
+1 1
+41 4
+1 4
+1 4
+1 4
+1 4
+2 4
+1 4
+1 4
+1 4
+1 4
+1 4
+1 4
+1 3
+4 3
+1 3
+1 3
+6 3
+1 3
+1 6
+4 3
+1 3
+3 3
+1 3
+1 3
+2 3
+1 3
+1 3
+4 3
+1 3
+1 3
+1 3
+1 3
+1 3
+69 2
+1 2
+1 2
+1 2
+1 2
+2 2
+1 2
+1 2
+1 2
+1 2
+1 2
+1 2
2093 29
+2 29
+1 29
+1 29
+1 29
-3 21
+1 21
+1 21
+1 21
+1 42
+5 21
+6 21
+1 21
+8 21
+1 21
-16 168
+6 168
+1 168
+8 168
+1 168

fn=(244) strncmp
98 1
+27 1
+1 1
+1 1
+1 1
+1 1
+2 1
+1 1
+2 1
+1 1
+21 1
+1 1
+1 1
+1 1
+1 1
+1 1
+1 1
+1 1
+17 1
+1 1
+1 1
+1 1
+1 1
+1 1
+1 1
2104 1
+3 1
+1 1
+2 1
+1 1
+8 1
+1 1

fl=(145)
fn=(458)
30 2
+10 3
-10 3
+10 1
-10 1
+10 1
-10 1
+7 1
+3 2
cfi=(146)
cfn=(460)
calls=1 +34 
* 233
+4 2
+1 8
+2 3
-2 1
+2 3
cfi=(146)
cfn=(460)
calls=1 +27 
* 223
+4 2
+1 7
+1 6

fl=(62)
fn=(194)
25 3
+1 12
+1 3

fl=(73)
fn=(240)
392 7
+4 5
-2 1
+4 24
cfn=(242) _dl_check_map_versions
calls=4 155 
* 3725
-2 4
+2 12
-1 4
-1 8
+5 7

fn=(242)
155 40
+15 12
+2 20
+2 4
+1 4
+2 8
+3 4
-16 4
+20 2
-4 2
-24 2
+28 14
+16 4
36 2
200 2
36 14
+1 5
-1 10
+2 21
cfi=(52)
cfn=(168)
calls=7 +30 
* 664
* 16
208 6
+5 2
fi=(236) ./elf/../sysdeps/generic/_itoa.h
76 6
fe=(73)
213 4
+4 4
+1 4
-1 4
+4 2
-3 2
+3 2
-3 6
-1 8
+1 8
-1 8
+4 4
-3 4
+3 4
-3 27
56 24
+8 18
+6 18
+16 6
+1 12
+2 6
+5 42
+14 114
+12 153
+4 51
-30 102
231 24
+3 18
+5 4
-24 4
110 6
+3 30
cfi=(32)
cfn=(94)
calls=6 -15 
* 239
* 18
224 18
+4 4
+15 6
+14 10
+3 4
+3 14
+3 8
+4 2
-7 8
+3 6
+4 44
-7 176
+3 134
+8 6
+6 6
fi=(28)
44 3
fe=(73)
280 6
fi=(28)
44 3
cfi=(27)
cfn=(74)
calls=3 +36 
* 123
fe=(73)
281 6
-2 3
fi=(28)
44 3
fe=(73)
281 3
+13 3
-3 3
+3 12
+2 6
+3 8
+4 6
+7 6
+1 6
-1 18
+1 6
+1 6
-2 6
+2 12
+1 18
+3 18
+5 4
-15 4
+2 4
-2 4
+2 4
-2 4
+2 8
-2 2
+2 2
-2 2
+2 2
-2 2
+2 4
+16 6
+10 4
+3 4
+4 46
+6 46
+1 46
+1 46
-1 138
+1 46
-1 46
+1 46
+1 46
+3 138
+4 46
-14 96
+10 6
+12 4
+1 4
+1 4
+1 2
+19 36
164 2
-8 2
257 5
+17 3
+60 2
-40 2
+76 4
+2 4
+4 2
-4 120
+1 60
+2 1
+1 2
-1 1
+1 1
cfi=(32)
cfn=(244)
calls=1 98 
* 32
* 2

ob=(2)
fl=(182) ./io/../sysdeps/unix/sysv/linux/open64.c
fn=(614) open
30 2
+3 1
-3 10
+3 6
+8 9
+2 8

fl=(200) ./string/../sysdeps/x86_64/multiarch/strcspn-sse4.c
fn=(682) __strcspn_sse42
87 1000
+1 2000
+8 3000
fi=(197) /usr/lib/gcc/x86_64-linux-gnu/13/include/emmintrin.h
1341 3000
+98 1000
fe=(200)
122 2000
+4 2000
-27 1000
fi=(197)
1341 1000
fe=(200)
99 1000
fi=(197)
1341 2000
+98 1000
fe=(200)
104 1000
+1 2000
+22 1000
cfi=(201) ./string/../string/strcspn.c
cfn=(686) __strcspn_generic
calls=1000 -95 
* 382564

fl=(103)
fn=(330)
65 1
-22 2
+1 1
-2 4
+2 2
+3 2
+4 3
+3 3
+11 1

fl=(117)
fn=(362)
29 1
fi=(118) ./string/../sysdeps/x86_64/multiarch/ifunc-strcpy.h
+9 2
+1 1
-1 2
+1 2
+3 2
+4 3
+3 3
fe=(117)
-20 1

fl=(218) ./stdio-common/./stdio-common/Xprintf_buffer_flush.c
fn=(862) __printf_buffer_flush
61 2
fi=(215) ./stdio-common/../include/printf_buffer.h
+54 2
fe=(218)
-53 4
-1 8
fi=(219) ./stdio-common/./stdio-common/printf_buffer_flush.c
-20 14
fe=(218)
+25 4
+4 6
+1 2
+1 6
fi=(219)
-19 2
cfi=(211) ./stdio-common/./stdio-common/printf_buffer_to_file.c
cfn=(866) __printf_buffer_flush_to_file
calls=2 -4 
* 1534
fi=(215)
+62 2
fi=(219)
-61 2
fe=(218)

fl=(89)
fn=(296)
29 1
fi=(90) ./string/../sysdeps/x86_64/multiarch/ifunc-memset.h
+25 5
+3 3
+7 2
+9 2
+2 2
+10 2
+8 2
+3 5
fe=(89)

fl=(104)
fn=(332)
29 1
fi=(105) ./debug/../sysdeps/x86_64/multiarch/ifunc-memset.h
+25 5
+3 3
+7 2
+9 2
+2 2
+10 2
+8 2
+3 5
fe=(104)

fl=(139)
fn=(432)
31 1
fi=(114) ./string/../sysdeps/x86_64/multiarch/ifunc-strcasecmp.h
+6 2
-1 4
fe=(139)
-5 2
fi=(114)
+7 3
+3 2
+4 3
+3 4
fe=(139)

fl=(183) ./string/../string/strstr.c
fn=(616) __GI_strstr
77 9
+5 1
-5 3
+5 2
+2 4
cob=(3)
cfi=(153)
cfn=(618) 0x000000000486e680
calls=1 -84 
* 23
* 1
+1 2
+1 2
+75 12

fl=(224)
fn=(886)
367 1
51 3
+1 2
367 3
57 2
+8 1
-3 1
-23 1
+1 4
+1 1
+29 1
+2 1
369 2
74 2
+6 4
+4 3
+3 2

fl=(83)
fn=(284)
31 2
fi=(84) ./string/../sysdeps/x86_64/multiarch/ifunc-avx2.h
+9 6
-2 8
fe=(83)
-7 4
fi=(84)
+10 4
+1 6
+3 4
+4 6
+3 10
fe=(83)

fl=(106)
fn=(336)
28 1
fi=(84)
+12 3
-2 4
fe=(106)
-10 2
fi=(84)
+13 2
+1 3
+3 2
+4 3
+3 5
fe=(106)

fl=(128)
fn=(398)
29 1
fi=(109) ./string/../sysdeps/x86_64/multiarch/ifunc-strncpy.h
+6 5
+1 3
+3 2
+4 3
+3 4
fe=(128)
-17 1

fl=(115)
fn=(358)
29 1
fi=(237) ./string/../sysdeps/x86_64/multiarch/ifunc-sse4_2.h
+7 5
fe=(115)
-7 1

fl=(134)
fn=(418)
29 1
fi=(135) ./string/../sysdeps/x86_64/multiarch/ifunc-evex.h
+9 3
-1 4
+2 3
+6 2
-3 2
+9 3
+3 4
fe=(134)
-25 1

fl=(190) ./io/../sysdeps/unix/sysv/linux/read.c
fn=(648) read
25 17
+1 102
+1 17

fl=(193) ./libio/./libio/feof.c
fn=(662) feof
32 1001
+4 1001
-1 2002
+3 2002
+3 1001

fl=(187) ./libio/./libio/filedoalloc.c
fn=(634) _IO_file_doallocate
78 22
+6 8
fi=(189) ./libio/./libio/libioP.h
1025 6
+1 4
fe=(187)
84 6
cfi=(180) ./libio/./libio/fileops.c
cfn=(636) _IO_file_stat
calls=2 1147 
* 18
* 4
+2 8
+11 8
+4 4
cob=(3)
cfi=(153)
cfn=(592) 0x000000000486e3f0
calls=2 0 
* 504
* 2
+1 4
+2 8
cfi=(179) ./libio/./libio/genops.c
cfn=(640) _IO_setb
calls=2 329 
* 58
+1 2
+1 18
-15 1
fi=(238) ./libio/../include/sys/sysmacros.h
-44 6
fe=(187)
+44 1
-2 2
+5 2

fl=(126)
fn=(386)
31 1
fi=(114)
+6 2
-1 4
fe=(126)
-5 2
fi=(114)
+7 3
+3 2
+4 3
+3 4
fe=(126)

fl=(92)
fn=(304)
29 1
fi=(93) ./debug/../sysdeps/x86_64/multiarch/ifunc-memmove.h
+28 3
-1 2
+4 3
+14 2
+3 2
+8 2
+8 2
+3 5
fe=(92)

fl=(138)
fn=(428)
33 1
fi=(99) ./string/../sysdeps/x86_64/multiarch/ifunc-memmove.h
+24 3
-1 2
+4 3
+14 2
+3 2
+8 2
+8 2
+3 5
fe=(138)

fl=(210) ./stdio-common/./stdio-common/vfprintf-internal.c
fn=(830) __printf_buffer
600 276
fi=(239) ./stdio-common/./stdio-common/printf-parse.h
82 23
fe=(210)
600 46
fi=(239)
82 23
fe=(210)
600 23
+27 69
+11 23
-11 23
+11 23
-11 23
+11 46
fi=(239)
82 23
cob=(3)
cfi=(153)
cfn=(832) 0x000000000486e590
calls=23 -82 
* 483
fe=(210)
653 46
+1 23
fi=(239)
82 46
fe=(210)
654 23
-1 23
cfi=(212) ./stdio-common/./stdio-common/Xprintf_buffer_write.c
cfn=(836) __printf_buffer_write
calls=23 27 
* 437
+2 69
+4 46
+4 184
-32 23
973 23
642 23
973 46
634 23
+71 184
1044 253
705 92
-13 46
+7 46
+6 92
-14 46
-4 46
+18 46
-10 46
+10 46
-7 46
-4 46
+11 92
-19 46
-1 46
+20 46
-12 46
-9 46
-1 46
+22 46
-15 92
1024 46
fi=(239)
82 46
fe=(210)
1018 46
fi=(239)
82 92
cob=(3)
cfi=(153)
cfn=(832)
calls=46 -82 
* 966
fe=(210)
1028 92
+1 46
fi=(239)
82 46
fe=(210)
1029 46
-1 46
cfi=(212)
cfn=(836)
calls=46 27 
* 2622
+3 161
fi=(213) ./stdio-common/./stdio-common/vfprintf-process-arg.c
501 92
cfi=(212)
cfn=(836)
calls=23 27 
* 2941
+1 23
-11 23
-88 184
+19 46
-14 46
+47 69
-33 92
+8 46
136 46
+19 299
cfi=(214) ./stdio-common/./stdio-common/_itoa.c
cfn=(840) _itoa_word
calls=23 +14 
* 897
+11 46
-11 46
+11 92
-5 184
+25 115
+15 46
-4 69
+2 69
+2 46
+7 23
-2 46
+2 69
+3 46
+13 46
fi=(215)
-61 46
fi=(213)
+70 46
+3 46
136 23
+2 46
-71 23
-18 23
-1 46
201 69
58 46
-23 23
+22 46
161 23
+9 46
+17 23
+8 23
-8 23
+12 23
-12 23
+8 92
-8 138
+53 92
cfi=(212)
cfn=(836)
calls=23 27 
* 1334
* 23
fi=(215)
-77 46
fi=(213)
50 46
+2 46
+1 184
435 46
cob=(3)
cfi=(153)
cfn=(704) 0x000000000486e500
calls=23 0 
* 633
* 46
fe=(210)

fn=(824) __vfprintf_internal
1522 299
+3 116
+4 115
+11 46
+27 253
-42 44
+18 92
cfi=(211)
cfn=(826) __printf_buffer_to_file_init
calls=23 108 
* 552
+1 115
cfn=(830)
calls=23 600 
* 17075
+1 46
cfi=(211)
cfn=(844) __printf_buffer_to_file_done
calls=23 117 
* 10242
* 23

fl=(226) ./stdlib/./stdlib/cxa_finalize.c
fn=(898) __cxa_finalize
30 4
+3 4
-3 16
+3 10
+3 8
+4 14
-4 6
+57 8
+4 12
-4 6
+12 4
cfi=(227) ./posix/./posix/register-atfork.c
cfn=(900) __unregister_atfork
calls=2 -23 
* 40
+1 8
+1 16

fl=(162)
fn=(524)
242 13
+69 3
+1 3
cfi=(163) ./stdlib/./stdlib/cxa_atexit.c
cfn=(526) __cxa_atexit
calls=1 67 
* 72
+25 6
+6 2
-3 2
+10 2
cob=(3)
cfi=(153)
cfn=(540) 0x000000000486e7b0
calls=1 0 
* 7
+2 2
+8 4
cfi=(164) ./csu/../sysdeps/nptl/libc_start_call_main.h
cfn=(544) (below main)
calls=1 29 
* 4472283
128 2
+6 3
+1 6
cob=(3)
cfi=(153)
cfn=(530) 0x0000000000109000
calls=1 0 
* 7
* 1
+3 1
+1 2
+3 2
+1 2
-1 1
+2 7
+1 4
cob=(5)
cfi=(161)
cfn=(534)
calls=1 0 
* 12
-1 4

fl=(113)
fn=(354)
31 1
fi=(114)
+6 2
-1 4
fe=(113)
-5 2
fi=(114)
+7 3
+3 2
+4 3
+3 4
fe=(113)

fl=(129)
fn=(402)
29 1
fi=(130) ./wcsmbs/../sysdeps/x86_64/multiarch/ifunc-memcmp.h
+5 5
+1 2
+1 2
+1 3
+3 2
+4 3
+3 4
fe=(129)
-18 2

fl=(137)
fn=(424)
31 1
fi=(97) ./wcsmbs/../sysdeps/x86_64/multiarch/ifunc-wcs.h
+9 3
-1 4
+2 3
+3 2
+4 4
fi=(240) ./wcsmbs/../sysdeps/x86_64/multiarch/wcpncpy.c
-17 1
fe=(137)

fl=(107)
fn=(340)
30 1
fi=(101) ./wcsmbs/../sysdeps/x86_64/multiarch/ifunc-avx2.h
+10 3
-2 4
fe=(107)
-8 2
fi=(101)
+11 2
+1 3
+3 2
+4 3
+3 5
fe=(107)

fl=(180)
fn=(846) _IO_file_xsputn@@GLIBC_2.2.5
1198 175
+7 25
-7 50
+6 100
+9 50
-2 100
+17 3
+1 2
+5 2
+2 4
+2 2
-4 2
+2 2
+2 2
-1 2
-1 2
cob=(3)
cfi=(153)
cfn=(816) 0x000000000486e430
calls=2 0 
* 52
-2 22
+2 44
+2 22
-4 22
+2 22
+2 22
-1 22
-1 22
cob=(3)
cfi=(153)
cfn=(816)
calls=22 0 
* 423
+2 24
-2 24
+4 48
+28 225
-55 24
+4 24
-4 24
+1 48
-14 1
+44 1
fi=(189)
1025 3
+1 2
fe=(180)
1244 22
fi=(189)
1025 66
+1 44
fe=(180)
1244 69
cfn=(848) _IO_file_overflow@@GLIBC_2.2.5
calls=23 732 
* 3450
* 46
+6 46
+1 115
+2 69
+11 46
+1 4
cfi=(179)
cfn=(852) _IO_default_xsputn
calls=1 371 
* 2755
+2 3
-48 834
-2 562
446 44
1221 22
+11 66
444 44

fn=(856) _IO_file_write@@GLIBC_2.2.5
1174 184
+2 92
-1 46
+6 23
cfi=(216) ./io/../sysdeps/unix/sysv/linux/write.c
cfn=(858) write
calls=23 25 
* 184
+1 46
+5 23
+1 23
-12 46
+4 69
+1 46
+10 69
+3 138
-4 69

fn=(610) _IO_file_fopen@@GLIBC_2.2.5
213 12
+9 2
+2 6
+23 6
357 12
-76 4
cfn=(612) _IO_file_open
calls=1 -99 
* 95
* 1
+3 2
+3 3
cfi=(183)
cfn=(616)
calls=1 77 
* 59
* 1
+1 2
-74 1
+13 1
+1 2
+19 6

fn=(612)
182 2
+3 1
-3 10
+2 2
+4 1
cfi=(182)
cfn=(614)
calls=1 30 
* 36
* 1
+1 2
+3 2
+3 1
-4 1
+1 3
+3 1
-3 1
+3 1
+10 2
cfi=(179)
cfn=(604) _IO_link_in
calls=1 87 
* 21
+1 1
+1 6

fn=(940) _IO_file_setbuf@@GLIBC_2.2.5
382 6
+1 1
cfi=(179)
cfn=(942) _IO_default_setbuf
calls=1 +69 
* 69
* 2
+3 1
+4 2
-2 3
+3 3

fn=(944) _IO_file_sync@@GLIBC_2.2.5
793 7
+5 4
+2 1
+1 2
+11 2
+4 5

fn=(646) _IO_file_read
1131 17
+3 17
-1 17
+1 34
cfi=(190)
cfn=(648)
calls=17 25 
* 136

fn=(772) _IO_file_close
1165 1
+3 2
cfi=(206) ./io/../sysdeps/unix/sysv/linux/close_nocancel.c
cfn=(774) __close_nocancel
calls=1 25 
* 6

fn=(780) _IO_file_finish@@GLIBC_2.2.5
168 5
+1 1
-1 1
+1 1
+6 2
+1 3
-1 1
cfi=(179)
cfn=(782) _IO_default_finish
calls=1 601 
* 20

fn=(850) _IO_do_write@@GLIBC_2.2.5
424 24
+2 72
+1 1
-3 69
fi=(189)
1025 23
fe=(180)
424 184
+20 23
-10 46
+7 92
fi=(189)
1025 46
+1 46
fe=(180)
449 92
cfn=(856)
calls=23 1174 
* 1058
* 23
+1 69
+2 23
+4 46
-3 46
-1 46
+4 46
-30 46
+28 23
-28 46
+1 184
+28 46

fn=(630) _IO_file_underflow@@GLIBC_2.2.5
462 17
+4 51
-4 153
+7 34
+6 51
+3 34
+12 32
fi=(189)
1025 17
fe=(180)
506 34
cfi=(179)
cfn=(644) _IO_switch_to_get_mode
calls=17 164 
* 442
+6 17
+5 17
-5 17
fi=(189)
1025 34
fe=(180)
512 17
fi=(189)
1025 17
fe=(180)
512 51
fi=(189)
1026 34
fe=(180)
517 68
cfn=(646)
calls=17 1131 
* 221
+2 34
+16 16
-9 16
+9 32
+2 32
+1 136
-6 1
-10 7
-55 2
+14 3
+5 2
cfi=(179)
cfn=(632) _IO_doallocbuf
calls=1 343 
* 293
+4 4

fn=(636)
1147 2
+1 4
cfi=(188) ./io/../sysdeps/unix/sysv/linux/fstat64.c
cfn=(638) fstat
calls=2 30 
* 12

fn=(768) _IO_file_close_it@@GLIBC_2.2.5
128 7
+2 3
+4 2
+3 1
-3 1
-1 2
+6 1
+3 1
-3 1
cfi=(179)
cfn=(770) _IO_unsave_markers
calls=1 937 
* 14
+3 3
fi=(189)
1025 3
+1 2
fe=(180)
142 2
cfn=(772)
calls=1 1165 
* 9
* 1
+3 3
+8 5
cfi=(179)
cfn=(640)
calls=1 329 
* 204
+1 1
+3 1
-3 3
+3 1
cfi=(179)
cfn=(764) _IO_un_link
calls=1 53 
* 4
+5 1
-4 1
+1 1
+3 1
-2 1
+3 7

fn=(848)
732 544
+1 272
+7 338
+37 67
-2 134
+3 90
+3 135
+1 135
+1 180
+4 45
+1 270
-45 2
+12 2
+9 3
+5 3
+2 2
-5 1
+5 1
+1 1
-5 1
+1 1
+4 2
-7 1
+10 2
+13 23
-12 23
+1 23
+11 92
-12 23
cfn=(850)
calls=23 424 
* 2315
+9 2
-1 1
+1 1
-1 1
cfn=(850)
calls=1 424 
* 105
* 2
-12 2
+1 2
-28 2
cfi=(179)
cfn=(632)
calls=1 343 
* 461
+1 1
+9 1
-9 5

fn=(602) _IO_new_file_init_internal
106 6
+5 1
-1 1
+3 1
cfi=(179)
cfn=(604)
calls=1 -26 
* 89
+1 1
+1 3

fl=(152) ./nptl/./nptl/pthread_mutex_conf.c
fn=(474) __pthread_tunables_init
55 2
+1 2
-1 2
+1 2
-1 4
+1 1
cob=(3)
cfi=(153)
cfn=(476) 0x000000000486e720
calls=1 -56 
* 26
+2 4
cob=(3)
cfi=(153)
cfn=(476)
calls=1 -58 
* 25
+2 4
cob=(3)
cfi=(153)
cfn=(476)
calls=1 -60 
* 26
+2 6

fl=(195) ./string/./string/strtok_r.c
fn=(668) strtok_r
43 20000
+3 4000
+3 4000
+7 3000
cob=(3)
cfi=(153)
cfn=(670) 0x000000000486e470
calls=1000 -56 
* 186000
* 1000
+1 2000
+7 3000
cob=(3)
cfi=(153)
cfn=(680) 0x000000000486e5e0
calls=1000 -64 
* 408564
* 1000
+1 2000
+7 1000
+1 1000
-14 1000
+16 7000
-23 1000
+7 1000
+16 7000
-28 2000

fl=(86)
fn=(290)
79 2
-31 4
+1 2
-2 8
+2 4
+3 4
+4 6
+3 6
+20 2

fl=(192) ./string/../sysdeps/x86_64/multiarch/memmove-vec-unaligned-erms.S
fn=(712) __memcpy_chk_avx_unaligned_erms
249 23
+1 23
+1 115
+4 23
+1 23
+6 23
+1 23
+2 23
+1 23
+1 23
+3 16
+1 16
+1 16
+3 32
375 5
+1 5
+1 5
+1 5
+1 5
+1 5
+1 10
+5 7
+1 7
+5 7
+1 7
+2 7
+1 7
+1 7
+2 2
+1 2
+1 2
+1 2
+1 2
+1 2
+1 2
+1 2
+1 2
+1 2
+1 2
+1 2
+1 2
+1 2
+1 4

fn=(818) __mempcpy_avx_unaligned_erms
242 100
+1 100
+1 100
+1 100
+17 100
+1 100
+2 23
+1 23
+1 23
+3 14
+1 14
+1 14
+3 28
+30 77
+1 77
+2 1
+1 1
+33 76
+1 76
+1 76
+1 76
+2 76
+17 1
+1 1
+1 1
+1 1
+1 1
+7 9
+1 9
+1 9
+1 9
+1 9
+1 9
+1 18
+5 9
+1 9
+5 9
+1 9
+2 9
+1 9
+1 9

fn=(656) __memcpy_avx_unaligned_erms
255 1221
+1 1221
+6 1221
+1 1221
+2 1121
+1 1121
+1 1121
+3 731
+1 731
+1 731
+3 1462
+30 100
+1 100
+2 76
+1 76
+2 72
+4 72
+1 70
+1 70
+1 70
+1 70
+1 46
+1 46
+2 46
+2 46
-2 24
+2 24
+6 2
+1 2
+1 2
+1 2
+1 2
+7 24
+1 24
+1 24
+1 24
+2 24
+17 4
+1 4
+1 4
+1 4
+1 4
+7 305
+1 305
+1 305
+1 305
+1 305
+1 305
+1 610
+5 390
+1 390
+5 390
+1 390
+2 389
+1 389
+1 389
+2 84
+1 84
+1 84
+1 84
+1 84
+1 84
+1 84
+1 84
+1 84
+1 84
+1 84
+1 84
+1 84
+1 84
+1 168
+4 1
+1 1
+4 1
+2 1
+4 1
+1 1
+11 1
+3 1
+2 1
+2 1
+4 1
+1 1
+9 1
+1 1
+2 1
+2 1
+1 1
+1 1
+3 1
+2 1
+2 1
+2 2
+6 1
+1 1
+1 1
+1 1
+1 1
+1 1
+1 1
+1 1
+1 1
+1 1
+1 1
+1 1
-11 1
+1 1
+1 1
+1 1
+1 1
+1 1
+1 1
+1 1
+1 1
+1 1
+1 1
+1 1
+2 1
+1 1
+1 1
+1 1
+2 1
+4 2

fl=(149) ./ctype/./ctype/ctype-info.c
fn=(468) __ctype_init
29 1
+2 7
+2 4
+2 4
+1 1

fl=(208) ./stdlib/./stdlib/qsort.c
fn=(806) qsort
404 1
+1 2
cfn=(808) qsort_r
calls=1 -61 
* 6863

fn=(808)
344 12
+1 6
+9 1
-1 2
-3 1
+7 2
-1 2
132 1
385 1
140 1
-8 6
385 4
201 1
cfn=(810) msort_with_tmp.part.0
calls=1 -5 
* 6804
396 2
+2 11
135 1
-1 2
+6 1
-4 2

fn=(810)
196 7
+8 1
-8 1
+8 1
+1 2
-9 1
+11 1
-11 2
+11 1
-11 1
+11 1
-6 4
cfn=(811) msort_with_tmp.part.0'2
calls=1 -5 
* 2470
* 7
cfn=(811)
calls=1 -5 
* 2774
+11 2
+1 2
+1 2
+1 1
+1 1
-1 1
+1 6
-10 1
+67 2
+10 22
+2 11
-2 11
cob=(3)
cfi=(153)
cfn=(816)
calls=11 0 
* 165
* 11
+1 22
-11 64
+2 110
cob=(5)
cfi=(168)
cfn=(812)
calls=22 105 
* 682
+2 22
-2 44
+2 22
+2 11
-2 11
cob=(3)
cfi=(153)
cfn=(816)
calls=11 0 
* 165
* 11
+1 22
-5 22
+20 1
-2 2
+2 2
fi=(241) ./stdlib/../string/bits/string_fortified.h
29 1
fe=(208)
293 1
fi=(241)
29 2
fe=(208)
294 7
fi=(241)
29 1
cob=(3)
cfi=(153)
cfn=(654) 0x000000000486e6b0
calls=1 -29 
* 67
fe=(208)

fn=(811)
196 147
+8 21
-8 21
+8 21
+1 42
-9 21
+11 21
-11 42
+11 21
-11 21
+11 21
-6 54
cfn=(811)
calls=6 -5 
* 2758
* 107
cfn=(811)
calls=13 -5 
* 4506
+11 26
+1 26
+1 26
+1 13
+1 13
-1 13
+1 94
-10 21
+67 42
+10 48
+2 24
-2 24
cob=(3)
cfi=(153)
cfn=(816)
calls=24 0 
* 360
* 24
+1 48
-11 128
+2 270
cob=(5)
cfi=(168)
cfn=(812)
calls=54 105 
* 1674
+2 54
-2 108
+2 60
+2 30
-2 30
cob=(3)
cfi=(153)
cfn=(816)
calls=30 0 
* 450
* 30
+1 60
-5 60
+20 21
-2 49
+1 7
fi=(241)
29 14
fe=(208)
292 7
fi=(241)
29 7
cob=(3)
cfi=(153)
cfn=(654)
calls=7 -29 
* 91
fe=(208)
293 42
fi=(241)
29 21
fe=(208)
293 21
fi=(241)
29 42
fe=(208)
294 147
fi=(241)
29 21
cob=(3)
cfi=(153)
cfn=(654)
calls=21 -29 
* 334
fe=(208)
212 8
+1 8
-1 8
+1 8
+1 16
+1 8
+1 8
-1 8
+1 32

fl=(164)
fn=(544)
29 4
+15 1
-15 5
+15 1
cfi=(165) ./setjmp/../sysdeps/x86_64/bsd-_setjmp.S
cfn=(546) _setjmp
calls=1 -16 
* 38
* 1
+2 2
+5 2
+1 2
+3 2
+3 6
cob=(5)
cfi=(168)
cfn=(552)
calls=1 +60 
* 4470666
+16 2
cfi=(220) ./stdlib/./stdlib/exit.c
cfn=(876) exit
calls=1 +63 
* 1551

fl=(131)
fn=(406)
29 1
fi=(93)
+28 3
-1 2
+4 3
+14 2
+3 2
+8 2
+8 2
+3 5
fe=(131)

fl=(159) ./string/../sysdeps/x86_64/multiarch/strrchr-avx2.S
fn=(516) __strrchr_avx2
53 1
+1 1
+1 1
+2 1
+1 1
+4 1
+1 1
+1 1
+3 1
+2 1
+1 1
+1 1
+1 1
+3 1
+1 1
+2 1
+1 1
+1 1
+1 1
+1 1
+9 2

fl=(223)
fn=(884)
77 1
+3 3
+2 1
+2 2
-7 4
+11 2
+91 1
+3 1
+2 1
+3 1
-63 1
+66 3
-93 2
+11 4
+4 1
+3 2
-71 1
+1 7
+1 1
+84 3
+1 2

fl=(94)
fn=(308)
29 1
fi=(93)
+28 3
-1 2
+4 3
+14 2
+3 2
+8 2
+8 2
+3 5
fe=(94)

fl=(203) ./string/../sysdeps/x86_64/multiarch/strlen-avx2.S
fn=(706) __strlen_avx2
52 46
+13 46
+1 46
+1 46
+3 46
+2 46
+1 46
+3 46
+1 46
+8 46
+1 46
+32 26
+13 26
+1 26
+1 26
+6 52
+4 13
+13 13
+1 13
+1 13
+6 26
+4 2
+13 2
+1 2
+1 2
+6 4
+4 3
+13 3
+1 3
+1 3
+6 6
+7 46
+15 46
+6 46
+1 46
+1 46
+2 20
+1 20
+1 20
+1 20
+2 7
+1 7
+1 7
+1 7
+2 5
+1 5
+1 5
+1 5
+18 2
+1 4
+14 2
+1 2
+1 2
+1 2
+2 2
+1 2
+1 2
+2 2
+1 2
+1 2
-11 1
+1 1
+1 1
+1 1
+2 1
+1 1
+1 1
+2 1
+1 1
+1 1
+3 2
+1 2
+1 2
+1 2
+1 2
+2 2
+1 2
+1 2
+1 2
+3 1
+1 1
+3 1
+1 1
+1 1
+1 1
+1 1
+5 2
+61 1
+1 1
+1 1
+5 2

fl=(119)
fn=(366)
31 1
fi=(114)
+6 2
-1 4
fe=(119)
-5 2
fi=(114)
+7 3
+3 2
+4 3
+3 4
fe=(119)

fl=(184) ./string/../sysdeps/x86_64/multiarch/strchr-avx2.S
fn=(834) __strchrnul_avx2
53 69
+2 69
+1 69
+1 69
+1 69
+1 69
+3 69
+1 69
+4 69
+1 69
+1 69
+1 69
+1 69
+1 69
+1 69
+1 69
+13 69
+2 138

fn=(620) __strchr_avx2
53 1
+2 1
+1 1
+1 1
+1 1
+1 1
+3 1
+1 1
+4 1
+1 1
+1 1
+1 1
+1 1
+1 1
+1 1
+1 1
+3 1
+8 1
+8 1
+1 2

fl=(112)
fn=(352)
67 1
-23 2
-1 4
+24 2
-22 3
+3 2
+4 3
+3 4

fl=(100)
fn=(324)
31 2
fi=(101)
+9 6
-2 8
fi=(102) ./wcsmbs/../sysdeps/x86_64/multiarch/wcschr.c
-7 4
fi=(101)
+10 4
+1 6
+3 4
+4 6
+3 10
fe=(100)

fn=(390)
31 1
fi=(97)
+9 3
-1 4
+2 3
+3 2
+4 4
fe=(100)
-17 1

fl=(108)
fn=(344)
31 1
fi=(109)
+4 5
+1 3
+3 2
+4 3
+3 4
fe=(108)
-15 1

fl=(121)
fn=(374)
29 1
fi=(122) ./string/../sysdeps/x86_64/multiarch/ifunc-memcmp.h
+5 5
+1 2
+1 2
+1 3
+3 2
+4 3
+3 4
fe=(121)
-18 2

fl=(178) ./libio/./libio/iofopen.c
fn=(590) fopen@@GLIBC_2.2.5
85 7
-20 1
+20 2
-20 1
cob=(3)
cfi=(153)
cfn=(592)
calls=1 -65 
* 189
+2 3
+3 1
+2 2
-2 1
+2 5
cfi=(179)
cfn=(598) _IO_no_init
calls=1 563 
* 56
+1 1
+1 1
-1 1
+1 1
cfi=(180)
cfn=(602)
calls=1 +32 
* 102
+1 5
cfi=(180)
cfn=(610)
calls=1 213 
* 215
* 2
-38 2
+50 7

fl=(188)
fn=(638)
30 2
+9 8
+33 2

fl=(191) ./string/../sysdeps/x86_64/multiarch/memchr-avx2.S
fn=(652) __memchr_avx2
61 1015
+7 1015
+2 1015
+3 1015
+1 1015
+2 1015
+1 1015
+1 1015
+1 1015
+3 1008
+1 1008
+3 1008
+1 1008
+2 998
+1 998
+1 7
+1 7
+2 14
+7 10
+5 10
+7 10
+1 10
+7 473
+1 473
+1 473
+1 946
+4 10
+1 10
+4 317
+1 317
+1 317
+1 634
+4 65
+1 65
+1 65
+1 130
+5 58
+1 58
+1 58
+1 116
+10 998
+1 998
+1 998
+2 998
+10 998
+1 998
+3 998
+1 998
+2 965
+1 965
+2 492
+1 492
+1 492
+1 492
+2 175
+1 175
+1 175
+1 175
+2 110
+1 110
+1 110
+1 110
+4 52
+1 52
+3 51
+1 51
+1 51
+1 51
+5 102
+10 51
+1 51
+1 51
+1 51
+1 51
+1 51
+1 51
+2 51
+6 51
+1 51
-15 24
+1 24
+1 24
+1 24
+1 24
+1 24
+1 24
+2 24
+6 24
+1 24
+2 24
+2 24
+1 24
+13 33
+1 33
+3 16
+1 16
+4 8
+1 8
+3 5
+1 5
+1 5
+1 5
+1 5
+1 4
+1 4
+2 14
+8 51
+1 51
+1 51
+2 43
+1 43
+1 43
+2 29
+2 29
+1 29
+1 29
+4 29
+2 29
+1 58
+5 17
+2 17
+2 17
+1 17
+1 17
+1 17
+1 34
+3 1
+1 2
+5 8
+4 8
+2 8
+1 16
+4 20
+4 20
+2 20
+1 40
+5 1
+1 1
+5 1
+2 1
+1 1
+3 1
+1 2
+3 1
+1 1
+1 1
+1 1
-3 8
+1 8
+1 8
+1 8
+2 3
+1 3
+3 3
+1 3
+3 3
+1 3
+4 1
+1 1
+12 2
+4 2
+1 2
+1 2
+1 4
+8 7
+3 7
+1 7
+1 7
+3 7
+1 7
+7 7
+3 7
+1 7
+2 7
+1 7

fl=(204) ./string/../sysdeps/x86_64/multiarch/strcmp-avx2.S
fn=(740) __strcmp_avx2
206 3441
+43 3441
+25 3441
+1 3441
+1 3441
+2 3441
+1 3441
+4 3438
+4 3438
+2 3438
+2 3438
+3 3438
+9 3438
+1 3438
+4 510
+10 510
+1 510
+3 510
+4 1020
+45 2055
+17 2055
+1 2055
+3 2055
+3 4110
+10 501
+16 501
+1 501
+3 501
+3 1002
+5 132
+10 132
+1 132
+3 132
+3 264
+6 2928
+1 2928
+1 2928
+1 2928
+1 2928
+1 2928
+1 2928
+7 873
+1 873
+1 873
+1 873
+1 873
+1 873
+1 873
+2 372
+1 372
+1 372
+1 372
+1 372
+1 372
+1 372
+13 240
+15 240
+1 240
+1 240
+11 240
+1 240
+1 480
+12 240
+1 240
+3 240
+1 240
-32 3
+1 3
+1 3
+11 3
+1 3
+1 6
+12 3
+1 3
+3 3
+1 3
+4 243
+1 243
+1 243
+1 243
+3 243
+1 243
+1 243
+1 243
+4 243
+3 243
+1 243
+1 243
+2 243
+1 243
+3 243
+3 243
+1 243
+1 243
+1 243
+3 243
+1 243
+1 243
+1 243
+3 135
+1 135
+1 135
+1 135
+8 135
+1 135
+1 135
+1 135
+6 135
+17 135
+1 135
+3 135
+1 135
+1 135
+3 270
+20 108
+16 108
+1 108
+3 108
+1 108
+1 108
+3 216
953 533
+1 533
+3 526
+1 526
+1 526
+1 526
+2 526
+3 526
+1 526
+4 523
+1 523
+22 3
+1 3
+1 3
+1 3
+1 3
+1 3
+2 3
+1 3
+5 3
+1 3
+2 3
+6 3
+1 3
+1 3
+1 3
+1 3
+8 3
+1 3
+48 3
+1 3
+3 3
+1 3
+1 3
+1 3
+6 3
+2 3
+3 3
+1 3

fl=(154) ./nptl/../sysdeps/unix/sysv/linux/x86/elision-conf.c
fn=(478) __lll_elision_init
92 2
+4 1
-4 2
+4 2
-4 1
+4 1
-4 3
+4 1
cob=(3)
cfi=(153)
cfn=(476)
calls=1 -96 
* 26
+2 4
cob=(3)
cfi=(153)
cfn=(476)
calls=1 -98 
* 26
+2 4
cob=(3)
cfi=(153)
cfn=(476)
calls=1 0 
* 26
+2 4
cob=(3)
cfi=(153)
cfn=(476)
calls=1 0 
* 26
+2 4
cob=(3)
cfi=(153)
cfn=(476)
calls=1 0 
* 26
+3 3
+1 1
+1 6

fl=(202) ./string/./string/strdup.c
fn=(702) strdup
40 138
+1 23
cob=(3)
cfi=(153)
cfn=(704)
calls=23 -41 
* 655
* 23
+1 46
cob=(3)
cfi=(153)
cfn=(592)
calls=23 -42 
* 4268
+2 46
fi=(199) ./string/../string/bits/string_fortified.h
-15 69
fe=(202)
+19 92
fi=(199)
-19 23
cob=(3)
cfi=(153)
cfn=(710) 0x000000000486e6f0
calls=23 -29 
* 569
fe=(202)

fl=(110)
fn=(348)
31 2
fi=(111) ./wcsmbs/../sysdeps/x86_64/multiarch/ifunc-evex.h
+7 6
-1 8
+2 6
+6 4
-3 4
+9 6
+3 8
fe=(110)
-23 2

fl=(150) ./resource/../sysdeps/unix/sysv/linux/getrlimit64.c
fn=(470) getrlimit
38 2
+1 7
+1 1

fl=(95)
fn=(312)
29 1
fi=(84)
+11 3
-2 4
fe=(95)
-9 2
fi=(84)
+12 2
+1 3
+3 2
+4 3
+3 5
fe=(95)

fl=(214)
fn=(840)
169 23
+3 92
+2 46
+9 690
+9 46

fl=(148)
fn=(466)
33 9
+2 1
cfi=(149)
cfn=(468)
calls=1 -6 
* 17
+3 1
fi=(151) ./elf/../sysdeps/nptl/pthread_early_init.h
-5 2
fe=(148)
+8 1
-3 1
+3 1
fi=(151)
-8 1
cfi=(150)
cfn=(470)
calls=1 +5 
* 10
* 3
+1 1
+4 5
+7 1
fi=(242) ./elf/../nptl/nptl-stack.h
+16 3
fi=(151)
-16 1
fi=(242)
+16 2
fi=(151)
-7 1
fi=(242)
+7 3
fi=(151)
-9 1
-6 1
+2 2
+4 4
+1 1
+3 1
cfi=(152)
cfn=(474)
calls=1 -1 
* 104
fe=(148)
-9 3
+2 2
-2 1
cfi=(154)
cfn=(478)
calls=1 +45 
* 169

fl=(157)
fn=(510)
46 6
+5 2
+4 5
+8 1
-2 1
+10 1
-9 1
+1 1
+9 3
-1 1
cfi=(158) ./misc/./misc/init-misc.c
cfn=(512) __init_misc
calls=1 -41 
* 50

fl=(160)
fn=(518)
545 1
+1 4
+1 3
+1 3
+2 1

fl=(165)
fn=(546)
28 1
+2 1
+2 1
cfi=(166) ./setjmp/../sysdeps/x86_64/setjmp.S
cfn=(548) __sigsetjmp
calls=1 -1 
* 35

fl=(132)
fn=(410)
33 1
fi=(118)
+5 2
+1 1
-1 2
+1 2
+3 2
+4 3
+3 3
fe=(132)
-16 1

fl=(177) ./string/../sysdeps/x86_64/multiarch/memset-vec-unaligned-erms.S
fn=(584) __memset_avx2_unaligned_erms
158 3
+1 6
+5 3
+1 3
+1 3
+1 3
+1 3
+69 3
+1 3
+6 3
+1 3
+12 3
+3 3
+1 3
+12 3
+1 3
+13 3
+1 3
+2 3
+3 3
+3 3
+3 3
+1 3
+1 3
+1 3
+1 3
+1 3
+1 3
-6 14
+1 14
+1 14
+1 14
+1 14
+1 14
+1 17
+3 3
+1 3
+1 3
+1 3
+3 6

fl=(123)
fn=(378)
31 2
fi=(124) ./wcsmbs/../sysdeps/x86_64/multiarch/ifunc-wmemset.h
+5 10
+1 6
fe=(123)
-6 2

fl=(217) ./stdio-common/./stdio-common/Xprintf_buffer_done.c
fn=(860) __printf_buffer_done
25 23
+1 69
+5 46
+2 276
+7 23

fl=(120)
fn=(370)
31 1
fi=(84)
+9 3
-2 4
fe=(120)
-7 2
fi=(84)
+10 2
+1 3
+3 2
+4 3
+3 5
fe=(120)

fl=(87)
fn=(292)
30 1
fi=(88) ./wcsmbs/../sysdeps/x86_64/multiarch/ifunc-wcslen.h
+11 2
-1 4
+2 3
+3 2
+4 3
+3 3
fe=(87)
-22 1

fl=(158)
fn=(512)
30 1
+1 2
-1 4
+1 4
+2 3
cob=(3)
cfi=(153)
cfn=(514) 0x000000000486e660
calls=1 -33 
* 24
+4 5
+1 3
+2 4

fl=(209) ./stdio-common/./stdio-common/printf.c
fn=(822) printf
28 322
+4 23
+1 46
-1 23
+1 23
-1 46
+1 23
-1 46
+1 69
cfi=(210)
cfn=(824)
calls=23 1522 
* 29018
+4 115

fl=(98)
fn=(320)
29 1
fi=(99)
+28 3
-1 2
+4 3
+14 2
+3 2
+8 2
+8 2
+3 5
fe=(98)

fl=(179)
fn=(600) _IO_old_init
531 1
+3 1
-2 1
+2 1
+5 1
-7 1
+2 1
+10 1
-10 1
+16 1
-11 1
-5 1
+16 1
-16 1
+21 1
-16 5
+16 2
+1 2
+2 1

fn=(604)
87 14
+1 10
+18 18
-16 1
+2 3
-2 1
+2 4
cfi=(181) ./nptl/./nptl/libc-cleanup.c
cfn=(606) __libc_cleanup_push_defer
calls=1 -68 
* 13
+1 7
+10 2
cfi=(181)
cfn=(608) __libc_cleanup_pop_restore
calls=1 -49 
* 9
+3 1
-11 5
+2 1
-2 1
+3 1
-3 1
+2 1
+3 4
+2 1
-2 1
+1 1
+1 5
-9 2
+1 1
+1 2

fn=(782)
601 6
+2 3
+6 3
+3 3
54 2
624 3

fn=(942)
452 8
fi=(189)
1025 1
fe=(179)
452 1
+1 1
-1 1
fi=(189)
1025 2
+1 2
fe=(179)
453 2
cfi=(180)
cfn=(944)
calls=1 793 
* 21
* 2
+4 1
330 1
462 1
-7 2
332 1
466 1
337 1
-4 1
+4 1
467 1
-1 3
+2 6
-11 1
+1 2
-1 1
330 4

fn=(764)
53 2
+1 4
+28 2
cfn=(766) __GI__IO_un_link.part.0
calls=1 -30 
* 100

fn=(766)
52 4
+6 1
-6 2
+6 1
-6 4
+6 4
cfi=(181)
cfn=(606)
calls=1 -34 
* 13
+1 7
+2 1
-1 1
+1 10
+4 2
+9 2
+2 6
+3 2
cfi=(181)
cfn=(608)
calls=1 -25 
* 9
+3 9
-19 1
-2 2
+2 2
+13 3
+2 1
-2 1
+1 1
+1 5
-12 3
-7 3

fn=(770)
937 6
+2 2
+5 3
+2 3

fn=(640)
329 33
+1 14
+5 6
-3 3
+3 6
-2 3
+2 6
+3 18
-7 1
cob=(3)
cfi=(153)
cfn=(776) 0x000000000486e3e0
calls=1 0 
* 170
+4 2

fn=(628) __underflow
269 85
+1 17
-1 17
+1 35
+5 51
+3 17
173 17
278 34
+2 34
+6 34
+7 17
fi=(189)
1025 51
+1 34
fe=(179)
293 34
+1 51
-1 17
cfi=(180)
cfn=(630)
calls=17 462 
* 1936
-23 32
+21 51

fn=(936) _IO_flush_all
686 5
+5 1
-5 1
+5 1
-5 6
+5 4
cfi=(181)
cfn=(606)
calls=1 24 
* 13
+1 6
-5 1
fi=(189)
1025 2
fe=(179)
708 33
+1 3
-14 9
+2 3
+1 27
+2 21
+13 7
+1 2
cfi=(181)
cfn=(608)
calls=1 54 
* 9
+4 12
-20 9
-6 2
-5 2
+8 1
-3 1
+3 2

fn=(598)
563 11
+1 1
cfn=(600)
calls=1 -33 
* 25
+1 1
+1 2
+2 1
+4 1
+7 1
+2 1
-9 5
+15 1
+1 6

fn=(632)
343 2
+1 4
-1 14
+3 6
+1 2
fi=(189)
1025 6
+1 4
fe=(179)
347 4
cfi=(187)
cfn=(634)
calls=2 78 
* 696
* 4
+3 12

fn=(644)
164 102
+1 51
+3 51
+4 34
+1 34
+7 17
-4 17
+4 17
-2 34
+3 17
+1 68

fn=(852)
371 11
+3 4
fi=(189)
1025 1
fe=(179)
373 2
+26 137
fi=(189)
1025 90
+1 90
fe=(179)
399 180
cfi=(180)
cfn=(848)
calls=45 732 
* 1867
* 90
+2 45
-2 45
-20 184
-4 1
+29 8

fn=(934) _IO_cleanup
842 6
-66 1
+66 6
+1 1
cfn=(936)
calls=1 686 
* 183
-67 2
+67 1
-67 3
cfi=(181)
cfn=(606)
calls=1 24 
* 13
+1 6
fi=(189)
1025 1
fe=(179)
785 1
-1 1
+1 4
-1 2
+1 25
+9 6
+2 4
+4 1
-2 1
+3 1
-3 1
+2 2
+5 1
fi=(189)
1025 2
+1 2
fe=(179)
805 4
cfi=(180)
cfn=(940)
calls=1 382 
* 87
+2 3
+9 1
-2 1
+2 2
-2 1
+2 2
+1 3
-37 9
+41 7
+1 2
cfi=(181)
cfn=(608)
calls=1 54 
* 9
+33 12
-78 2
+39 24
-2 1
+2 1
-31 6
+7 7
-15 1
+3 2
-3 1
+3 2

fl=(133)
fn=(414)
29 1
fi=(99)
+28 3
-1 2
+4 3
+14 2
+3 2
+8 2
+8 2
+3 5
fe=(133)

fl=(96)
fn=(316)
31 1
fi=(97)
+9 3
-1 4
+2 3
+3 2
+4 4
fe=(96)
-17 1

fl=(170) ./malloc/./malloc/malloc.c
fn=(558) calloc
3699 106
+10 53
-10 371
+10 424
+8 106
+3 159
+2 106
+34 265
fi=(171) ./malloc/./malloc/arena.c
153 106
fe=(170)
3732 53
+1 53
+21 106
-21 106
+21 53
cfn=(570) _int_malloc
calls=53 +92 
* 6620
+2 106
+81 400
-41 53
-12 53
+12 106
+3 265
+8 53
+2 106
+2 106
+5 50
+2 50
-2 50
+3 100
+2 1
+2 2
fi=(171)
264 1
cfn=(562) ptmalloc_init.part.0
calls=1 -2 
* 1151
* 1
fe=(170)
3756 159
+3 159
+78 3
fi=(176) ./malloc/../string/bits/string_fortified.h
59 6
fe=(170)
3837 18
fi=(176)
59 3
cob=(3)
cfi=(153)
cfn=(582) 0x000000000486e740
calls=3 -59 
* 212
fe=(170)
3248 4
cfn=(568) tcache_init.part.0
calls=1 -6 
* 473
* 1

fn=(722) free
3359 1079
+4 2158
-4 3237
+14 1079
-14 3237
+12 1079
+4 1079
-4 1079
+4 2158
+17 3237
fi=(171)
153 3237
fe=(170)
3398 3237
cfn=(726) _int_free
calls=1079 4495 
* 66119
+3 1079
+1 6474

fn=(758) _int_free_maybe_consolidate
4770 858
+6 156
+22 858
-20 300
+3 225
-2 1
cfn=(754) malloc_consolidate
calls=1 +32 
* 91
* 1
+5 375

fn=(570)
3846 1793
1326 326
+19 978
3887 326
1794 163
3914 326
+65 144
-63 288
+3 72
+2 144
+2 36
-6 18
+9 36
+1 90
+5 36
+1 36
+7 18
-1 36
+1 90
+5 36
3165 18
3945 18
+1 54
+31 182
+62 20
+1 9
+20 145
-1 145
-1 145
+1 290
+1 290
-2 288
+12 725
-1 4
+4 4
+1 2
+2 4
+1 6
+2 2
+1 8
+2 8
-10 2
+12 4
+1 4
+2 4
+11 8
+29 2
+1 2
+4 4
+29 4
+8 26
+1 2
+1 2
-1 2
+4 4
3980 142
+2 142
-2 142
+2 284
-52 162
4041 2
cfn=(754)
calls=1 4811 
* 91
* 1
1985 54
4487 1956
4221 4
+9 2
-9 4
+9 2
-9 6
+1 2
+1 2
+1 2
+1 2
+6 4
4070 6
4246 4
+11 435
+2 9
+3 3
-3 3
+3 6
+1 145
+71 435
-4 145
+1 145
+1 145
-1 145
+1 145
+1 290
+1 435
+5 580
+16 5
+2 10
-4 14
+8 2
+3 4
4240 8
4099 2
4218 2
-48 2
+48 6
4343 435
+3 576
-3 429
+3 568
-3 426
+3 560
-3 278
4443 143
+1 286
+2 286
+3 429
+17 4
4070 88
-91 528
4343 2
+5 8
+1 4
+24 8
+3 4
+2 2
+3 4
-3 4
+3 2
cfn=(788) unlink_chunk.isra.0
calls=2 1608 
* 66
+3 8
+15 4
-5 2
+5 4
+1 4
+3 2
+1 2
+1 2
+3 4
+1 1
+1 4
+2 4
+3 16
+2 6
+1 2
1985 2
4421 2
1985 4
2552 1
+12 1
-12 5
+12 1
4460 429
cfn=(578) alloc_perturb
calls=143 1985 
* 572
+1 143
-9 284
+2 284
-1 142
+1 142
-3 142
+3 142
+2 142
-2 568
+2 142
+3 284
2553 1
+36 3
+1 1
-1 1
+1 1
+9 4
+9 3
2921 3
+1 1
+4 1
+4 5
+5 1
-2 1
+5 1
-3 2
-3 1
+2 1
+1 1
+1 1
-1 3
+1 1
4482 1
2669 3
+8 2
+1 3
+13 1
+2 1
-2 2
+8 5
+8 2
+48 4
+40 3
+19 2
+3 2
+1 6
+2 1
+1 5
cfi=(173) ./malloc/./malloc/morecore.c
cfn=(572) __glibc_morecore
calls=1 25 
* 33
+12 4
-12 1
+12 1
2008 4
3882 1
2873 1
+3 1
-1 1
+1 4
+12 1
-11 1
+11 2
2783 1
-1 2
2017 2
2745 1
+1 1
+6 3
-6 1
+6 3
-43 3
cfi=(173)
cfn=(572)
calls=1 25 
* 64
+1 2
-1 1
+1 1
2008 1
2711 1
2008 3
2712 1
+3 2
+29 3

fn=(568)
3242 4
+9 8
+1 3
cfn=(570)
calls=1 3846 
* 359
+1 2
+8 4
+9 1
fi=(176)
59 2
fe=(170)
3270 1
fi=(176)
59 86
fe=(170)
3274 3

fn=(726)
4495 8134
+4 3486
+6 4648
+1 2324
+4 5810
+8 4648
-1 2324
+1 2324
+29 1160
-20 1160
-6 1160
+6 2320
+20 4640
1792 123
4561 246
+11 180
+2 135
1992 45
4593 45
1992 90
4595 45
+1 45
+4 90
+2 45
-2 45
+2 45
+4 90
+2 135
+1 45
+19 140
+30 6504
-21 156
+3 156
+18 78
-12 78
+12 312
-12 78
cfn=(756) _int_free_merge_chunk
calls=78 +19 
* 7122
3163 1039
+4 1039
-4 1039
+2 4156
+1 1039
+1 1039
4550 1039

fn=(734) _int_realloc
4914 664
+11 332
+1 415
+1 332
+6 166
+2 166
+1 249
+2 332
+3 166
+89 747
-79 166
+12 166
+12 332
cfn=(570)
calls=83 3846 
* 11620
* 83
+1 166
+9 83
-6 83
+1 83
+5 166
+8 83
-1 83
fi=(176)
29 83
fe=(170)
4993 498
fi=(176)
29 83
cob=(3)
cfi=(153)
cfn=(654)
calls=83 -29 
* 1992
fe=(170)
4997 332
cfn=(726)
calls=83 4495 
* 4482
+2 83

fn=(756)
4665 390
+1 78
-1 234
+5 468
+3 156
+5 234
+3 156
+1 156
+1 156
1992 234
4689 156
+25 156
+6 6
+4 3
+9 3
-1 3
+1 9
+1 6
+2 3
+2 6
+5 3
+1 3
+2 9
+1 3
-45 3
-1 6
+1 18
-1 3
cfn=(758)
calls=3 +69 
* 72
+1 75
-1 150
+1 450
-1 75
cfn=(758)
calls=75 +69 
* 2793
+39 6
+16 75
+1 225
+1 150
-83 234
-2 156

fn=(730) realloc
3407 913
+6 166
+4 166
+7 166
5241 83
3433 83
5242 249
-1 166
+2 166
3538 747
5244 83
3441 166
+15 249
fi=(171)
153 249
fe=(170)
3464 332
+1 166
1326 166
+19 498
3475 166
+31 166
+2 498
cfn=(734)
calls=83 4914 
* 24236
* 83
+1 415
fi=(171)
153 332
fe=(170)
3509 166

fn=(788)
1608 2
+2 6
-2 2
+2 4
+3 2
+1 4
+2 8
-3 2
+6 2
+1 2
+1 10
+2 4
+1 6
+3 4
+14 2
+1 2
+3 4

fn=(754)
4811 2
+17 2
-17 10
+28 2
-28 6
+15 2
+2 2
+13 4
+1 4
-1 36
+1 36
+62 60
+1 16

fn=(578)
1985 429
+2 143

fn=(594) malloc
3294 8216
+7 2054
1326 2054
+19 5135
3311 2054
+2 4108
+3 2054
+10 52
+28 156
-36 3078
3178 2002
+4 2002
+4 1001
+4 1001
-4 3003
+4 1001
+1 1001
3354 6006
-26 104
cfn=(570)
calls=26 3846 
* 3835
+1 130
fi=(171)
153 52
fe=(170)

fl=(185) ./stdio-common/./stdio-common/getline.c
fn=(624) getline
27 2002
+1 2002
cfi=(186) ./libio/./libio/iogetdelim.c
cfn=(626) getdelim
calls=1001 +13 
* 242719

fl=(163)
fn=(526)
67 7
-26 2
+2 8
+1 2
cfn=(528) __new_exitfn
calls=1 +36 
* 33
+2 2
+8 1
-2 1
+3 1
+1 1
-4 2
+1 1
+4 4
+1 1
+11 6

fn=(528)
80 1
+6 2
-6 4
+11 2
-10 1
+10 4
+2 4
-2 1
+10 1
-10 3
+45 1
+5 3
-4 1
+4 2
-18 1
-1 1
+12 1

fl=(196) ./string/../sysdeps/x86_64/multiarch/strspn-sse4.c
fn=(672) __strspn_sse42
63 1000
+1 2000
+8 3000
fi=(197)
1341 3000
+98 1000
fe=(196)
99 2000
+4 2000
-28 1000
fi=(197)
1341 1000
fe=(196)
75 1000
fi=(197)
1341 2000
+98 1000
fe=(196)
80 1000
+1 2000
+23 1000
cfi=(198) ./string/../string/strspn.c
cfn=(676) __strspn_generic
calls=1000 -73 
* 160000

fl=(205) ./libio/./libio/iofclose.c
fn=(762) fclose@@GLIBC_2.2.5
34 8
+14 3
+9 1
fi=(189)
1025 3
+1 2
fe=(205)
57 3
cfi=(180)
cfn=(780)
calls=1 168 
* 34
+1 3
+13 2
fi=(189)
951 4
+1 4
+6 2
cob=(3)
cfi=(153)
cfn=(776)
calls=1 0 
* 87
fe=(205)
76 7
-27 1
cfi=(179)
cfn=(764)
calls=1 +4 
* 104
+2 8
+1 2
+1 2
cfi=(180)
cfn=(768)
calls=1 +75 
* 287
fi=(189)
979 1
fe=(205)
53 1
fi=(189)
979 3
+1 9
fe=(205)
51 5

fl=(194) ./string/./string/strtok.c
fn=(666) strtok
32 2000
+2 4000
cfi=(195)
cfn=(668)
calls=2000 +9 
* 655564

fl=(198)
fn=(676)
31 7000
+1 3000
+2 2000
fi=(199)
+25 18000
fe=(198)
-11 1000
+5 3000
+1 3000
-1 57000
+1 57000
+3 3000
-20 1000
+38 5000

fl=(174) ./misc/./misc/sbrk.c
fn=(574) sbrk
37 16
+3 2
+3 2
-3 2
+3 2
+35 7
-20 4
+4 4
+4 4
+8 1
cfi=(175) ./misc/../sysdeps/unix/sysv/linux/brk.c
cfn=(576) brk
calls=1 -38 
* 9
* 2
+4 7
-19 2
cfi=(175)
cfn=(576)
calls=1 -23 
* 9
* 2
+4 2

fl=(220)
fn=(876)
137 2
+1 3
-1 1
+1 1
cfn=(878) __run_exit_handlers
calls=1 38 
* 1544

fn=(878)
38 12
+2 2
+3 5
+11 2
+2 2
+38 2
-30 6
+2 1
+1 1
-1 1
+3 7
+44 3
+13 1
-66 1
+66 3
+2 2
+3 2
cfi=(229) ./posix/../sysdeps/unix/sysv/linux/_exit.c
cfn=(946) _Exit
calls=1 27 
* 4
-29 1
+1 1
-2 1
+3 1
+3 1
-3 2
+3 3
+1 3
cob=(1)
cfi=(222)
cfn=(882)
calls=1 -82 
* 981
+1 4
+10 3
+1 2
-79 1
cfi=(221) ./stdlib/./stdlib/cxa_thread_atexit_impl.c
cfn=(880) __call_tls_dtors
calls=1 148 
* 13
* 1
+88 1
cfi=(179)
cfn=(934)
calls=1 842 
* 467
* 1

fl=(212)
fn=(836)
27 115
+1 345
-1 805
+4 414
+2 184
+3 94
fi=(243) ./stdio-common/../string/bits/string_fortified.h
-7 94
fe=(212)
+8 188
fi=(243)
-8 94
fe=(212)
+12 94
fi=(243)
-12 94
cob=(3)
cfi=(153)
cfn=(654)
calls=94 -29 
* 1767
fe=(212)
+11 282
-9 188
+2 286
cfi=(218)
cfn=(862)
calls=2 +28 
* 1588
* 4
+2 8
+9 690

fl=(206)
fn=(774)
25 1
+1 4
+1 1

fl=(216)
fn=(858)
25 23
+1 138
+1 23

fl=(229)
fn=(946)
27 2
+3 2

fl=(211)
fn=(866)
49 4
+4 2
-4 12
+2 8
+2 6
+51 2
-39 2
+39 8
-39 2
cfn=(828) __printf_buffer_to_file_switch
calls=2 -36 
* 26
-7 2
+1 2
fi=(244) ./stdio-common/../libio/libioP.h
1025 2
fe=(211)
58 2
+1 2
-1 2
fi=(244)
1025 4
+1 4
fe=(211)
59 4
cfi=(180)
cfn=(846)
calls=2 1198 
* 1434
* 4

fn=(844)
117 23
+1 69
-1 23
-64 23
+64 138
-66 92
+2 69
+69 23
-1 23
+1 92
-1 23
cfi=(217)
cfn=(860)
calls=23 -96 
* 437
-56 46
cfn=(828)
calls=23 -36 
* 299
+1 23
-8 23
+1 23
fi=(244)
1025 23
fe=(211)
58 23
+1 23
-1 23
fi=(244)
1025 46
+1 46
fe=(211)
59 46
cfi=(180)
cfn=(846)
calls=23 1198 
* 8517
* 46

fn=(826)
108 23
+1 23
fi=(215)
+18 23
fe=(211)
-18 23
fi=(215)
+28 23
-9 23
+9 23
-13 23
fe=(211)
-13 23
fi=(215)
+13 23
fe=(211)
-12 23
cfn=(828)
calls=23 -83 
* 299

fn=(828)
29 48
+1 240
+10 48
+1 48
+3 192
+1 48

fl=(221)
fn=(880)
148 4
+1 1
-1 1
+1 3
+16 4

fl=(125)
fn=(382)
29 1
fi=(118)
+9 2
+1 1
-1 2
+1 2
+3 2
+4 3
+3 3
fe=(125)
-20 1

fl=(91)
fn=(300)
29 1
fi=(88)
+12 2
-1 4
+2 3
+3 2
+4 3
+3 3
fe=(91)
-23 1

fl=(167) ./setjmp/./setjmp/sigjmp.c
fn=(550) __sigjmp_save
28 6
+2 2
-1 1
+5 4

fl=(186)
fn=(626)
41 10010
+6 1001
-6 3003
+6 8008
+7 4004
+8 3003
+12 3003
+1 2002
-34 2000
+60 1015
+6 1015
-7 2030
+1 1015
+6 1015
-6 2030
+4 415
+2 83
cob=(3)
cfi=(153)
cfn=(728) 0x000000000486e410
calls=83 0 
* 31042
+1 166
-1 83
+1 83
+6 166
+1 166
+2 166
fi=(245) ./libio/../string/bits/string_fortified.h
-88 332
cob=(3)
cfi=(153)
cfn=(654)
calls=83 -29 
* 2648
fe=(186)
+88 932
fi=(245)
-88 3728
cob=(3)
cfi=(153)
cfn=(654)
calls=932 -29 
* 15168
fe=(186)
+91 1015
-2 1015
+2 2060
cfi=(179)
cfn=(628)
calls=15 269 
* 1995
* 30
+2 30
-3 15
+3 15
-33 60
cob=(3)
cfi=(153)
cfn=(650) 0x000000000486e480
calls=15 -89 
* 503
* 4000
cob=(3)
cfi=(153)
cfn=(650)
calls=1000 -89 
* 36704
* 1015
+2 4060
+1 4060
fi=(189)
979 2002
+1 9009
fe=(186)
130 9009
-66 1001
+1 1001
-1 1001
+1 1001
cob=(3)
cfi=(153)
cfn=(592)
calls=1001 -65 
* 47192
* 2002
+1 2002
-19 4004
+1 2002
+76 3000
fi=(189)
979 2000
fe=(186)
77 4
cfi=(179)
cfn=(628)
calls=2 269 
* 569
* 4
+5 4
fi=(189)
979 1
fe=(186)
50 2

fl=(227)
fn=(900)
82 4
+1 4
-1 8
+1 4
fi=(228) ./posix/../malloc/dynarray-skeleton.c
243 2
fe=(227)
71 4
+38 8
+1 6

fl=(116)
fn=(360)
60 1
-17 2
-1 4
+2 3
+2 2
+4 3
+10 1

fl=(136)
fn=(422)
29 1
fi=(237)
+7 5
fe=(136)
-7 1

fl=(166)
fn=(548)
31 1
+2 1
+9 1
+1 2
+1 1
+4 1
+1 1
+1 1
+1 1
+1 1
+2 2
+2 1
+1 1
+1 1
+2 2
+2 1
+5 1
+1 1
+17 1
cfi=(167)
cfn=(550)
calls=1 -57 
* 13

fl=(181)
fn=(606)
24 4
+1 4
+2 8
+2 8
+3 8
+14 12
+2 4
+1 4

fn=(608)
54 4
+1 4
+2 8
+2 4
+1 12
+11 4

fl=(81)
fn=(280)
86 1
fi=(82) ./string/../sysdeps/x86/cacheinfo.h
-27 1
+3 3
+2 1
+1 1
-1 2
+7 3
+2 1
+1 1
-1 2
+5 2
+2 2
+1 2
+1 2
+2 2
+2 2
fe=(81)

fl=(127)
fn=(394)
29 1
fi=(84)
+11 3
-2 4
fe=(127)
-9 2
fi=(84)
+12 2
+1 3
+3 2
+4 3
+3 5
fe=(127)

fl=(171)
fn=(562)
262 1
fi=(172) ./malloc/../sysdeps/unix/sysv/linux/not-cancel.h
97 3
fe=(171)
262 7
+5 1
fi=(172)
97 3
fi=(170)
3143 2
fe=(171)
292 2
+4 3
fi=(170)
1946 4
+3 1
-3 1
+3 2
-3 2
+3 126
-3 126
+3 252
-3 252
+11 1
fe=(171)
300 3
fi=(170)
1958 1
+2 1
fe=(171)
300 1
cob=(3)
cfi=(153)
cfn=(476)
calls=1 0 
* 25
+1 4
cob=(3)
cfi=(153)
cfn=(476)
calls=1 0 
* 26
+1 4
cob=(3)
cfi=(153)
cfn=(476)
calls=1 0 
* 25
+1 4
cob=(3)
cfi=(153)
cfn=(476)
calls=1 0 
* 25
+1 4
cob=(3)
cfi=(153)
cfn=(476)
calls=1 0 
* 26
+1 4
cob=(3)
cfi=(153)
cfn=(476)
calls=1 0 
* 25
+1 4
cob=(3)
cfi=(153)
cfn=(476)
calls=1 0 
* 25
+2 4
cob=(3)
cfi=(153)
cfn=(476)
calls=1 0 
* 25
+1 4
cob=(3)
cfi=(153)
cfn=(476)
calls=1 0 
* 25
+1 4
cob=(3)
cfi=(153)
cfn=(476)
calls=1 0 
* 25
+3 4
cob=(3)
cfi=(153)
cfn=(476)
calls=1 0 
* 25
+1 4
cob=(3)
cfi=(153)
cfn=(476)
calls=1 0 
* 25
+2 2
+10 8

fl=(201)
fn=(686)
32 9000
+1 3000
+1 2000
fi=(199)
+25 18000
fe=(201)
-12 3000
+1 2000
-1 60000
+1 40000
+3 4000
+1 4000
+1 4000
+1 4000
+2 3000
+6 1000
-1 1000
+1 1000
+2 2000
-1 2000
+2 1000
+2 6000
-5 14326
-1 14326
+1 14326
+2 28652
-1 28652
+2 14326
+2 85956
+2 1000
+1 3710
+1 6000
-1 1290

fl=(173)
fn=(572)
25 2
+1 4
-1 4
+4 2
cfi=(174)
cfn=(574)
calls=2 +8 
* 77
+1 4
+4 4

fl=(85)
fn=(288)
29 1
fi=(237)
+7 5
fe=(85)
-7 1

fl=(175)
fn=(576)
36 2
fi=(246) ./misc/../sysdeps/unix/sysv/linux/brk_call.h
-12 4
fe=(175)
+13 4
+1 4
+6 2
+1 2

ob=(3)
fl=(153)
fn=(680)
0 2000
cob=(2)
cfi=(200)
cfn=(682)
calls=1000 87 
0 406564

fn=(816)
0 200
cob=(2)
cfi=(192)
cfn=(818)
calls=100 242 
0 1415

fn=(540)
0 2
cob=(1)
cfi=(48)
cfn=(542)
calls=1 118 
0 5

fn=(588)
0 2
cob=(2)
cfi=(178)
cfn=(590)
calls=1 85 
0 605

fn=(618)
0 2
cob=(2)
cfi=(184)
cfn=(620)
calls=1 53 
0 21

fn=(670)
0 2000
cob=(2)
cfi=(196)
cfn=(672)
calls=1000 63 
0 184000

fn=(738)
0 6882
cob=(2)
cfi=(204)
cfn=(740)
calls=3441 206 
0 113956

fn=(922)
0 2
cob=(2)
cfi=(226)
cfn=(898)
calls=1 30 
0 78

fn=(622)
0 2002
cob=(2)
cfi=(185)
cfn=(624)
calls=1001 27 
0 246723

fn=(820)
0 46
cob=(2)
cfi=(209)
cfn=(822)
calls=23 28 
0 29754

fn=(556)
0 106
cob=(2)
cfi=(170)
cfn=(558)
calls=53 3699 
0 12379

fn=(650)
0 2030
cob=(2)
cfi=(191)
cfn=(652)
calls=1015 61 
0 35177

fn=(728)
0 166
cob=(2)
cfi=(170)
cfn=(730)
calls=83 3407 
0 30876

fn=(760)
0 2
cob=(2)
cfi=(205)
cfn=(762)
calls=1 34 
0 586

fn=(776)
0 4
cob=(2)
cfi=(170)
cfn=(722)
calls=2 3359 
0 253

fn=(912)
0 4

fn=(660)
0 2002
cob=(2)
cfi=(193)
cfn=(662)
calls=1001 32 
0 7007

fn=(704)
0 92
cob=(2)
cfi=(203)
cfn=(706)
calls=46 52 
0 1196

fn=(710)
0 46
cob=(2)
cfi=(192)
cfn=(712)
calls=23 249 
0 523

fn=(804)
0 2
cob=(2)
cfi=(208)
cfn=(806)
calls=1 404 
0 6866

fn=(896)
0 2
cob=(2)
cfi=(226)
cfn=(898)
calls=1 30 
0 78

fn=(720)
0 2154
cob=(2)
cfi=(170)
cfn=(722)
calls=1077 3359 
0 99315

fn=(500)
0 7

fn=(476)
0 40
cob=(1)
cfi=(11)
cfn=(28)
calls=20 387 
0 469

fn=(514)
0 2
cob=(2)
cfi=(159)
cfn=(516)
calls=1 53 
0 22

fn=(654)
0 2442
cob=(2)
cfi=(192)
cfn=(656)
calls=1221 255 
0 19625

fn=(832)
0 138
cob=(2)
cfi=(184)
cfn=(834)
calls=69 53 
0 1311

fn=(664)
0 4000
cob=(2)
cfi=(194)
cfn=(666)
calls=2000 32 
0 661564

fn=(700)
0 46
cob=(2)
cfi=(202)
cfn=(702)
calls=23 40 
0 5952

fn=(932)
0 4

fn=(530)
0 7

fn=(582)
0 6
cob=(2)
cfi=(177)
cfn=(584)
calls=3 158 
0 206

fn=(592)
0 2054
cob=(2)
cfi=(170)
cfn=(594)
calls=1027 3294 
0 50099

totals: 4608811
